$MeshFormat
2.2 0 8
$EndMeshFormat
$PhysicalNames
3
2 14 "clamp"
2 15 "pressure"
3 13 "volume"
$EndPhysicalNames
$Nodes
438
1 0 0 0
2 8 0 0
3 8 2 0
4 0 2 0
5 0 0 2
6 8 0 2
7 8 2 2
8 0 2 2
9 0.5 0 0
10 1 0 0
11 1.5 0 0
12 2 0 0
13 2.5 0 0
14 3 0 0
15 3.5 0 0
16 4 0 0
17 4.5 0 0
18 5 0 0
19 5.5 0 0
20 6 0 0
21 6.5 0 0
22 7 0 0
23 7.5 0 0
24 8 0.5 0
25 8 1 0
26 8 1.5 0
27 7.5 2 0
28 7 2 0
29 6.5 2 0
30 6 2 0
31 5.5 2 0
32 5 2 0
33 4.5 2 0
34 4 2 0
35 3.5 2 0
36 3 2 0
37 2.5 2 0
38 2 2 0
39 1.5 2 0
40 1 2 0
41 0.5 2 0
42 0 1.5 0
43 0 1 0
44 0 0.5 0
45 0.5 0 2
46 1 0 2
47 1.5 0 2
48 2 0 2
49 2.5 0 2
50 3 0 2
51 3.5 0 2
52 4 0 2
53 4.5 0 2
54 5 0 2
55 5.5 0 2
56 6 0 2
57 6.5 0 2
58 7 0 2
59 7.5 0 2
60 8 0.5 2
61 8 1 2
62 8 1.5 2
63 7.5 2 2
64 7 2 2
65 6.5 2 2
66 6 2 2
67 5.5 2 2
68 5 2 2
69 4.5 2 2
70 4 2 2
71 3.5 2 2
72 3 2 2
73 2.5 2 2
74 2 2 2
75 1.5 2 2
76 1 2 2
77 0.5 2 2
78 0 1.5 2
79 0 1 2
80 0 0.5 2
81 0 0 0.5
82 0 0 1
83 0 0 1.5
84 8 0 0.5
85 8 0 1
86 8 0 1.5
87 8 2 0.5
88 8 2 1
89 8 2 1.5
90 0 2 0.5
91 0 2 1
92 0 2 1.5
93 1.25 0.4330127018922193 0
94 2.25 0.4330127018922193 0
95 3.25 0.4118271434333516 0
96 4.25 0.4118271434333516 0
97 5.25 0.4118271434333516 0
98 6.25 0.4118271434333516 0
99 6.75 1.566987298107781 0
100 5.75 1.588172856566648 0
101 4.75 1.588172856566648 0
102 3.75 1.588172856566648 0
103 2.710602528363682 1.561441691445059 0
104 1.789397471636318 1.561441691445059 0
105 7.247881315359561 0.4233860225279159 0
106 0.4265668461264172 1.270601937522286 0
107 7.491098329577113 1.230816042906558 0
108 1.75 0.4118271434333518 0
109 1.948013603147988 0.8718933566617523 0
110 2.544559768730297 0.8757581439954922 0
111 2.25 1.299038105676658 0
112 2.757426628121716 0.4099183403920493 0
113 3.75 0.4047652906137291 0
114 3.5 0.8660254037844386 0
115 4.75 0.4047652906137291 0
116 4.5 0.8660254037844385 0
117 5.75 0.4047652906137291 0
118 5.5 0.8660254037844385 0
119 6.74964688589326 0.4278773289216907 0
120 7.094476549082082 0.8304456197703749 0
121 6.25 1.59170378297646 0
122 6.000000000000001 1.133974596215562 0
123 5.25 1.595234709386271 0
124 5 1.133974596215562 0
125 4.25 1.595234709386271 0
126 4 1.133974596215562 0
127 3.24343375472728 1.590779515199339 0
128 3 1.133974596215561 0
129 1.25 1.566987298107781 0
130 1.5 1.133974596215561 0
131 0.89499041985008 1.177689719596576 0
132 0.755813670653362 0.3854115352577034 0
133 6.513030402681949 0.8663106508548994 0
134 7.579491212436436 0.7493114654199035 0
135 0.7395971116268227 1.608208925240367 0
136 0.4561306725748135 0.7757586504566916 0
137 7.227775783664164 1.605544275779458 0
138 6.50202395729605 1.283805239159604 0
139 4.5 1.263476432433696 0
140 1.05948912717971 0.7741265427416641 0
141 4 0.736523567566304 0
142 5 0.7365235675663038 0
143 2.25 1.694100648860987 0
144 3.010397279370403 0.7395007255641786 0
145 6.00260608053639 0.7365806169803961 0
146 5.5 1.263476432433696 0
147 3.498686750945456 1.26258539359631 0
148 1.50150054606554 0.7249668681889098 0
149 6.92973417038356 1.230651521096446 0
150 7.643774822648256 1.667272063737204 0
151 0.3660254037844388 0.3660254037844386 0
152 0.3660254037844388 1.633974596215561 0
153 7.633974596215561 0.3660254037844388 0
154 1.871852768696076 1.216586937499758 0
155 2.626290574273495 1.217553134333193 0
156 1.25 0.4330127018922193 2
157 2.25 0.4330127018922193 2
158 3.25 0.4118271434333516 2
159 4.25 0.4118271434333516 2
160 5.25 0.4118271434333516 2
161 6.25 0.4118271434333516 2
162 6.75 1.566987298107781 2
163 5.75 1.588172856566648 2
164 4.75 1.588172856566648 2
165 3.75 1.588172856566648 2
166 2.710602528363682 1.561441691445059 2
167 1.789397471636318 1.561441691445059 2
168 7.247881315359561 0.4233860225279159 2
169 0.4265668461264172 1.270601937522286 2
170 7.491098329577113 1.230816042906558 2
171 1.75 0.4118271434333518 2
172 1.948013603147988 0.8718933566617523 2
173 2.544559768730297 0.8757581439954922 2
174 2.25 1.299038105676658 2
175 2.757426628121716 0.4099183403920493 2
176 3.75 0.4047652906137291 2
177 3.5 0.8660254037844386 2
178 4.75 0.4047652906137291 2
179 4.5 0.8660254037844385 2
180 5.75 0.4047652906137291 2
181 5.5 0.8660254037844385 2
182 6.74964688589326 0.4278773289216907 2
183 7.094476549082082 0.8304456197703749 2
184 6.25 1.59170378297646 2
185 6.000000000000001 1.133974596215562 2
186 5.25 1.595234709386271 2
187 5 1.133974596215562 2
188 4.25 1.595234709386271 2
189 4 1.133974596215562 2
190 3.24343375472728 1.590779515199339 2
191 3 1.133974596215561 2
192 1.25 1.566987298107781 2
193 1.5 1.133974596215561 2
194 0.89499041985008 1.177689719596576 2
195 0.755813670653362 0.3854115352577034 2
196 6.513030402681949 0.8663106508548994 2
197 7.579491212436436 0.7493114654199035 2
198 0.7395971116268227 1.608208925240367 2
199 0.4561306725748135 0.7757586504566916 2
200 7.227775783664164 1.605544275779458 2
201 6.50202395729605 1.283805239159604 2
202 4.5 1.263476432433696 2
203 1.05948912717971 0.7741265427416641 2
204 4 0.736523567566304 2
205 5 0.7365235675663038 2
206 2.25 1.694100648860987 2
207 3.010397279370403 0.7395007255641786 2
208 6.00260608053639 0.7365806169803961 2
209 5.5 1.263476432433696 2
210 3.498686750945456 1.26258539359631 2
211 1.50150054606554 0.7249668681889098 2
212 6.92973417038356 1.230651521096446 2
213 7.643774822648256 1.667272063737204 2
214 0.3660254037844388 0.3660254037844386 2
215 0.3660254037844388 1.633974596215561 2
216 7.633974596215561 0.3660254037844388 2
217 1.871852768696076 1.216586937499758 2
218 2.626290574273495 1.217553134333193 2
219 1.254571611506672 0 0.4096408096948462
220 2.25 0 0.4330127018922193
221 3.25 0 0.4118271434333516
222 4.25 0 0.4118271434333516
223 5.25 0 0.4118271434333516
224 6.25 0 0.4118271434333516
225 1.805156460290844 0 1.577382498887571
226 2.710602528363682 0 1.561441691445059
227 3.75 0 1.588172856566648
228 4.75 0 1.588172856566648
229 5.75 0 1.588172856566648
230 6.75 0 1.566987298107781
231 0.7521186846404384 0 1.576613977472084
232 7.247881315359561 0 0.4233860225279159
233 0.5089016704228864 0 0.7691839570934415
234 7.491098329577113 0 1.230816042906558
235 1.750761935251112 0 0.4291173865259906
236 2.022809526214504 0 0.8522804157104248
237 2.53946064328353 0 0.8709760405728109
238 2.261147022593223 0 1.285301182953494
239 2.756576773880588 0 0.4091213231549358
240 3.75 0 0.4047652906137291
241 3.5 0 0.8660254037844386
242 4.75 0 0.4047652906137291
243 4.5 0 0.8660254037844385
244 5.75 0 0.4047652906137291
245 5.5 0 0.8660254037844385
246 6.74964688589326 0 0.4278773289216907
247 7.094476549082082 0 0.8304456197703749
248 1.259545857488547 0 1.591509836590664
249 0.9917619212699016 0 1.147121743061107
250 3.24343375472728 0 1.590779515199339
251 3 0 1.133974596215561
252 4.25 0 1.595234709386271
253 4 0 1.133974596215562
254 5.25 0 1.595234709386271
255 5 0 1.133974596215562
256 6.25 0 1.59170378297646
257 6.000000000000001 0 1.133974596215562
258 1.486987261782829 0 0.8656659895595175
259 6.513030402681949 0 0.8663106508548994
260 7.579491212436436 0 0.7493114654199035
261 0.7720682169859501 0 0.380800050488235
262 0.4314361391004091 0 1.258101017503596
263 7.227775783664164 0 1.605544275779458
264 6.50202395729605 0 1.283805239159604
265 4.5 0 1.263476432433696
266 1.489935246124005 0 1.274902779233599
267 4 0 0.736523567566304
268 5 0 0.7365235675663038
269 2.25 0 1.694100648860987
270 3.009207483432824 0 0.7383849014322197
271 6.00260608053639 0 0.7365806169803961
272 3.498686750945456 0 1.26258539359631
273 5.5 0 1.263476432433696
274 6.92973417038356 0 1.230651521096446
275 1.002858136393648 0 0.7144825099794294
276 7.643774822648256 0 1.667272063737204
277 0.359002956425388 0 0.3402906878786505
278 0.3660254037844388 0 1.633974596215561
279 7.633974596215561 0 0.3660254037844388
280 1.813207103401081 0 1.171106573268921
281 2.617522481680254 0 1.218500738849825
282 8 0.4264624335545749 0.7281864257664643
283 8 1.491026004178691 1.2292007466733
284 8 1.249332516611219 0.4220846436391902
285 8 0.75126209208704 1.616101922919917
286 8 0.7568656464198631 0.3958420094511723
287 8 0.9886994546006774 0.8616180628297335
288 8 1.228912045653614 1.622548313347798
289 8 0.5042369950667323 1.227984803144241
290 8 1.566401986104808 0.7425922123498396
291 8 0.992827318317351 1.311490769782998
292 8 1.643987609966461 1.67034981200422
293 8 0.3660254037844387 0.3660254037844386
294 8 1.633974596215561 0.3660254037844387
295 8 0.3660254037844386 1.633974596215561
296 6.745913491193612 2 0.4306533549328053
297 5.75 2 0.4118271434333516
298 4.75 2 0.4330127018922193
299 3.75 2 0.4118271434333516
300 2.75 2 0.4118271434333516
301 1.75 2 0.4330127018922193
302 6.289397471636317 2 1.561441691445059
303 5.25 2 1.566987298107781
304 4.301986396852013 2 1.5580928368792
305 3.25 2 1.588172856566648
306 2.194843539709156 2 1.577382498887571
307 1.25 2 1.566987298107781
308 0.7521186846404389 2 0.4233860225279159
309 7.202434745306759 2 1.577380721241608
310 0.3953531183916654 2 1.281619653166406
311 7.520360594901284 2 0.7950655893775234
312 6.249318915198935 2 0.4079029925303048
313 6.447332518346922 2 0.8709957141099719
314 6.981835465445163 2 0.8339466891681789
315 6.75 2 1.299038105676658
316 5.25 2 0.429481775482408
317 5.555156460290844 2 0.8520992765948373
318 4.25 2 0.4082962170235404
319 4.460602528363682 2 0.8690489201544382
320 5.002626498109088 2 0.8424342557873354
321 4.75 2 1.299038105676658
322 3.25 2 0.4047652906137291
323 3.5 2 0.8660254037844385
324 2.25 2 0.429481775482408
325 2.5 2 0.8660254037844385
326 1.25035311410674 2 0.4314082553315021
327 0.9973410087457344 2 0.8112240632476532
328 5.779248782278705 2 1.57915879917697
329 6.006802163019286 2 1.141102734899334
330 3.758664399475335 2 1.590221372771696
331 4 2 1.133974596215562
332 2.740807256618193 2 1.593436316439758
333 3 2 1.133974596215562
334 1.977317462994015 2 0.8523411472031608
335 1.495835264307749 2 0.8331581713791075
336 1.741889578931955 2 1.292459420910796
337 7.58725178958412 2 1.254614108270603
338 0.4473959428911018 2 0.7862320749183869
339 0.7206826926279333 2 1.613777072928338
340 7.230347357959269 2 0.4042818395438245
341 5.238775636087168 2 1.154621629092005
342 2.509911114858287 2 1.278256461585226
343 3.501732879895067 2 1.262473765110781
344 3.992120505672736 2 0.7378344561222661
345 3 2 0.7365235675663038
346 1.256826212225275 2 1.149679907653217
347 6.75 2 1.694100648860986
348 4.75 2 1.694100648860986
349 1.75 2 1.694100648860987
350 6.001722011371198 2 0.7367855723135599
351 7.633974596215561 2 0.3660254037844386
352 0.3660254037844388 2 0.3660254037844388
353 0.3660254037844388 2 1.633974596215561
354 7.633974596215561 2 1.633974596215561
355 0.8210168306852679 2 1.20047285911836
356 7.20360456165786 2 1.17942328408816
357 5.565996608335201 2 1.258793947574185
358 6.386095222035911 2 1.220463492598803
359 4.363904777964089 2 1.212549209293416
360 2.184792339298683 2 1.173292986474239
361 0 0.7281864257664643 0.4264624335545749
362 0 1.2292007466733 1.491026004178691
363 0 0.4220846436391902 1.249332516611219
364 0 1.616101922919917 0.75126209208704
365 0 0.3958420094511723 0.7568656464198631
366 0 0.8616180628297335 0.9886994546006774
367 0 1.622548313347798 1.228912045653614
368 0 1.227984803144241 0.5042369950667323
369 0 0.7425922123498396 1.566401986104808
370 0 1.311490769782998 0.992827318317351
371 0 1.67034981200422 1.643987609966461
372 0 0.3660254037844386 0.3660254037844387
373 0 0.3660254037844387 1.633974596215561
374 0 1.633974596215561 0.3660254037844386
375 1.730360445790685 1.011465758645879 0.9987657970182128
376 2.761374996231026 1.005951789156399 0.9999999999999999
377 6.231497174948176 1.012505284775734 1.013274051379317
378 4.250560407334095 0.9952812773423185 0.9952812773423183
379 5.241254231622119 1.028018515681344 0.9563630650675543
380 7.122773319773153 1.102138856232921 1.127287660100688
381 0.8631651554652801 1.149642987163938 0.985004879270981
382 3.508073499178976 1.203465148277077 1.203506566556581
383 1.247168123210449 0.6469412575348803 0.6598707160846981
384 4.771658121548123 0.6598246804895411 1.335380686684341
385 3.690372163157658 0.6708266370998563 0.6708266370998563
386 1.304884184161457 0.6400365591789141 1.362991958479119
387 4.744440465761453 0.6608555512547044 0.6434009151731417
388 5.735353762458431 1.340857769092542 1.358371757427204
389 5.760208055694555 1.364207601444929 0.6638944116226017
390 4.721796122623208 1.345223438366684 0.6426481501193373
391 6.76633420664667 0.6741916651775486 0.6741916651775487
392 2.027050775791619 1.413176816207557 0.5928296927545071
393 5.717813754051035 0.6497781408457456 1.354362697930481
394 2.247219361162891 1.332126640389172 1.315178266216363
395 2.244429327902139 0.664882960395287 0.664882960395287
396 5.749550847746369 0.653122142904377 0.6554951907218607
397 3.820068821687525 1.359127193669813 0.6284254261491937
398 3.820714001621434 0.6290267062171957 1.36068126250285
399 6.707846199413368 1.353735915931528 0.6470582382415226
400 2.173354199612217 0.6636432708172767 1.370462556916917
401 4.706493131369003 1.330243249169161 1.361793189957167
402 6.696529477459279 0.6387816259279526 1.363645710135933
403 1.350783085655361 1.382372297491214 0.6182349380900767
404 1.340003967507563 1.388569612161861 1.359750035012236
405 6.540793189715589 1.413470129379112 1.385974954040666
406 3.176541168797253 0.609550694560095 1.390307562238953
407 7.394871340596048 0.8143195388896979 0.6162332222142084
408 0.6298417370950806 0.6364080328961788 1.353211350126475
409 3.176934291637447 1.393547392239347 0.6097800703425109
410 0.5962609970206837 0.6437968076884559 0.6739271237177388
411 4.061114234739629 1.430018166386746 1.417065014391102
412 7.312744791216129 0.5802160674405206 1.403402241185089
413 7.311742706827163 1.41883160062313 0.5762238174150521
414 0.5720406961242122 1.438472680171078 1.433963825660066
415 0.578789988542991 1.443384978376909 0.5504350098549202
416 3.066437519063724 0.6139974402388957 0.6138998856900352
417 2.602848456014934 1.405580249858448 0.5458093612806263
418 2.984425294853569 1.441582472876401 1.450112257564387
419 7.381793180645284 1.508612931090965 1.397728464555283
420 1.850434742430796 1.05108517620029 1.505306602396784
421 4.205888317302573 0.4674258877765646 0.6045494007359087
422 1.75605373864452 0.4738233886734949 0.905221454022558
423 5.243727906845761 0.4917650530647922 0.8153700448867068
424 2.548190776637253 0.4896849684309895 1.051544625525996
425 5.244249465139145 0.9088759326084055 1.503592945067019
426 5.244969213528359 1.331369480204077 0.4802382858779805
427 1.696798251332536 1.537015554904709 0.9841602045500875
428 4.277371218403367 1.09304663284042 0.4633121487184437
429 5.219207144740923 1.471237792031162 1.264923394536082
430 1.698534601786918 0.8781208245954149 0.4776136319686776
431 6.184533694254641 1.539693952939653 0.9366790825522048
432 4.235639249288107 0.9309674251699012 1.532349437535486
433 2.643088531166844 1.051192979138923 1.505959709751818
434 4.23291595868339 1.522000208217179 0.9219426157632363
435 6.263198098845431 0.5298341806610941 0.5298341806610941
436 7.560469049778619 0.9909129355298092 1.558131931657337
437 6.207577603879159 0.8067707847975849 1.50868478509232
438 4.298745754403178 0.4753424933935227 1.238417057990785
$EndNodes
$Elements
1623
1 2 2 14 4 24 293 2
2 2 2 14 4 2 293 84
3 2 2 14 4 3 294 26
4 2 2 14 4 87 294 3
5 2 2 14 4 6 295 60
6 2 2 14 4 86 295 6
7 2 2 14 4 62 292 7
8 2 2 14 4 7 292 89
9 2 2 14 4 25 286 24
10 2 2 14 4 286 293 24
11 2 2 14 4 26 284 25
12 2 2 14 4 284 286 25
13 2 2 14 4 26 294 284
14 2 2 14 4 60 285 61
15 2 2 14 4 60 295 285
16 2 2 14 4 61 288 62
17 2 2 14 4 285 288 61
18 2 2 14 4 288 292 62
19 2 2 14 4 84 282 85
20 2 2 14 4 84 293 282
21 2 2 14 4 85 289 86
22 2 2 14 4 282 289 85
23 2 2 14 4 289 295 86
24 2 2 14 4 88 290 87
25 2 2 14 4 290 294 87
26 2 2 14 4 89 283 88
27 2 2 14 4 283 290 88
28 2 2 14 4 89 292 283
29 2 2 14 4 286 287 282
30 2 2 14 4 282 293 286
31 2 2 14 4 287 289 282
32 2 2 14 4 287 290 283
33 2 2 14 4 283 291 287
34 2 2 14 4 288 291 283
35 2 2 14 4 283 292 288
36 2 2 14 4 284 287 286
37 2 2 14 4 284 290 287
38 2 2 14 4 284 294 290
39 2 2 14 4 285 291 288
40 2 2 14 4 289 291 285
41 2 2 14 4 285 295 289
42 2 2 14 4 287 291 289
43 2 2 15 5 27 351 3
44 2 2 15 5 3 351 87
45 2 2 15 5 4 352 41
46 2 2 15 5 90 352 4
47 2 2 15 5 7 354 63
48 2 2 15 5 89 354 7
49 2 2 15 5 77 353 8
50 2 2 15 5 8 353 92
51 2 2 15 5 28 340 27
52 2 2 15 5 340 351 27
53 2 2 15 5 29 296 28
54 2 2 15 5 296 340 28
55 2 2 15 5 30 312 29
56 2 2 15 5 29 312 296
57 2 2 15 5 31 297 30
58 2 2 15 5 297 312 30
59 2 2 15 5 32 316 31
60 2 2 15 5 31 316 297
61 2 2 15 5 33 298 32
62 2 2 15 5 298 316 32
63 2 2 15 5 34 318 33
64 2 2 15 5 33 318 298
65 2 2 15 5 35 299 34
66 2 2 15 5 299 318 34
67 2 2 15 5 36 322 35
68 2 2 15 5 35 322 299
69 2 2 15 5 37 300 36
70 2 2 15 5 300 322 36
71 2 2 15 5 38 324 37
72 2 2 15 5 37 324 300
73 2 2 15 5 39 301 38
74 2 2 15 5 301 324 38
75 2 2 15 5 40 326 39
76 2 2 15 5 39 326 301
77 2 2 15 5 41 308 40
78 2 2 15 5 308 326 40
79 2 2 15 5 41 352 308
80 2 2 15 5 63 309 64
81 2 2 15 5 63 354 309
82 2 2 15 5 64 347 65
83 2 2 15 5 309 347 64
84 2 2 15 5 65 302 66
85 2 2 15 5 65 347 302
86 2 2 15 5 66 328 67
87 2 2 15 5 302 328 66
88 2 2 15 5 67 303 68
89 2 2 15 5 67 328 303
90 2 2 15 5 68 348 69
91 2 2 15 5 303 348 68
92 2 2 15 5 69 304 70
93 2 2 15 5 69 348 304
94 2 2 15 5 70 330 71
95 2 2 15 5 304 330 70
96 2 2 15 5 71 305 72
97 2 2 15 5 71 330 305
98 2 2 15 5 72 332 73
99 2 2 15 5 305 332 72
100 2 2 15 5 73 306 74
101 2 2 15 5 73 332 306
102 2 2 15 5 74 349 75
103 2 2 15 5 306 349 74
104 2 2 15 5 75 307 76
105 2 2 15 5 75 349 307
106 2 2 15 5 76 339 77
107 2 2 15 5 307 339 76
108 2 2 15 5 339 353 77
109 2 2 15 5 87 311 88
110 2 2 15 5 87 351 311
111 2 2 15 5 88 337 89
112 2 2 15 5 311 337 88
113 2 2 15 5 337 354 89
114 2 2 15 5 91 338 90
115 2 2 15 5 338 352 90
116 2 2 15 5 92 310 91
117 2 2 15 5 310 338 91
118 2 2 15 5 92 353 310
119 2 2 15 5 312 313 296
120 2 2 15 5 313 314 296
121 2 2 15 5 314 340 296
122 2 2 15 5 297 350 312
123 2 2 15 5 316 317 297
124 2 2 15 5 317 350 297
125 2 2 15 5 298 320 316
126 2 2 15 5 318 319 298
127 2 2 15 5 319 320 298
128 2 2 15 5 299 344 318
129 2 2 15 5 322 323 299
130 2 2 15 5 323 344 299
131 2 2 15 5 300 345 322
132 2 2 15 5 324 325 300
133 2 2 15 5 325 345 300
134 2 2 15 5 301 334 324
135 2 2 15 5 326 335 301
136 2 2 15 5 301 335 334
137 2 2 15 5 302 347 315
138 2 2 15 5 315 358 302
139 2 2 15 5 302 329 328
140 2 2 15 5 302 358 329
141 2 2 15 5 303 341 321
142 2 2 15 5 321 348 303
143 2 2 15 5 328 357 303
144 2 2 15 5 303 357 341
145 2 2 15 5 304 348 321
146 2 2 15 5 321 359 304
147 2 2 15 5 304 331 330
148 2 2 15 5 304 359 331
149 2 2 15 5 330 343 305
150 2 2 15 5 305 333 332
151 2 2 15 5 305 343 333
152 2 2 15 5 332 342 306
153 2 2 15 5 336 349 306
154 2 2 15 5 306 360 336
155 2 2 15 5 342 360 306
156 2 2 15 5 336 346 307
157 2 2 15 5 307 349 336
158 2 2 15 5 307 355 339
159 2 2 15 5 346 355 307
160 2 2 15 5 308 327 326
161 2 2 15 5 308 338 327
162 2 2 15 5 308 352 338
163 2 2 15 5 315 347 309
164 2 2 15 5 309 356 315
165 2 2 15 5 309 354 337
166 2 2 15 5 337 356 309
167 2 2 15 5 310 355 338
168 2 2 15 5 310 353 339
169 2 2 15 5 339 355 310
170 2 2 15 5 311 340 314
171 2 2 15 5 314 356 311
172 2 2 15 5 311 356 337
173 2 2 15 5 311 351 340
174 2 2 15 5 312 350 313
175 2 2 15 5 313 315 314
176 2 2 15 5 313 358 315
177 2 2 15 5 313 350 329
178 2 2 15 5 329 358 313
179 2 2 15 5 315 356 314
180 2 2 15 5 316 320 317
181 2 2 15 5 320 341 317
182 2 2 15 5 329 350 317
183 2 2 15 5 317 357 329
184 2 2 15 5 341 357 317
185 2 2 15 5 318 344 319
186 2 2 15 5 319 321 320
187 2 2 15 5 319 359 321
188 2 2 15 5 319 344 331
189 2 2 15 5 331 359 319
190 2 2 15 5 321 341 320
191 2 2 15 5 322 345 323
192 2 2 15 5 323 343 331
193 2 2 15 5 331 344 323
194 2 2 15 5 333 343 323
195 2 2 15 5 323 345 333
196 2 2 15 5 324 334 325
197 2 2 15 5 325 342 333
198 2 2 15 5 333 345 325
199 2 2 15 5 334 360 325
200 2 2 15 5 325 360 342
201 2 2 15 5 327 335 326
202 2 2 15 5 327 346 335
203 2 2 15 5 338 355 327
204 2 2 15 5 327 355 346
205 2 2 15 5 329 357 328
206 2 2 15 5 331 343 330
207 2 2 15 5 333 342 332
208 2 2 15 5 335 336 334
209 2 2 15 5 336 360 334
210 2 2 15 5 335 346 336
211 2 2 14 6 1 372 44
212 2 2 14 6 81 372 1
213 2 2 14 6 42 374 4
214 2 2 14 6 4 374 90
215 2 2 14 6 80 373 5
216 2 2 14 6 5 373 83
217 2 2 14 6 8 371 78
218 2 2 14 6 92 371 8
219 2 2 14 6 43 368 42
220 2 2 14 6 368 374 42
221 2 2 14 6 44 361 43
222 2 2 14 6 361 368 43
223 2 2 14 6 44 372 361
224 2 2 14 6 78 362 79
225 2 2 14 6 78 371 362
226 2 2 14 6 79 369 80
227 2 2 14 6 362 369 79
228 2 2 14 6 369 373 80
229 2 2 14 6 82 365 81
230 2 2 14 6 365 372 81
231 2 2 14 6 83 363 82
232 2 2 14 6 363 365 82
233 2 2 14 6 83 373 363
234 2 2 14 6 90 364 91
235 2 2 14 6 90 374 364
236 2 2 14 6 91 367 92
237 2 2 14 6 364 367 91
238 2 2 14 6 367 371 92
239 2 2 14 6 365 366 361
240 2 2 14 6 361 372 365
241 2 2 14 6 366 368 361
242 2 2 14 6 366 369 362
243 2 2 14 6 362 370 366
244 2 2 14 6 367 370 362
245 2 2 14 6 362 371 367
246 2 2 14 6 363 366 365
247 2 2 14 6 363 369 366
248 2 2 14 6 363 373 369
249 2 2 14 6 364 370 367
250 2 2 14 6 368 370 364
251 2 2 14 6 364 374 368
252 2 2 14 6 366 370 368
253 4 2 13 1 122 399 377 435
254 4 2 13 1 194 386 381 404
255 4 2 13 1 377 402 257 435
256 4 2 13 1 122 389 377 399
257 4 2 13 1 257 402 377 437
258 4 2 13 1 349 394 167 420
259 4 2 13 1 381 386 194 408
260 4 2 13 1 325 394 417 418
261 4 2 13 1 349 167 404 420
262 4 2 13 1 370 364 367 415
263 4 2 13 1 336 394 349 420
264 4 2 13 1 138 122 133 399
265 4 2 13 1 194 404 381 414
266 4 2 13 1 122 133 399 435
267 4 2 13 1 175 424 400 433
268 4 2 13 1 393 396 377 435
269 4 2 13 1 384 254 423 425
270 4 2 13 1 349 404 336 420
271 4 2 13 1 325 342 394 418
272 4 2 13 1 259 257 402 435
273 4 2 13 1 273 423 254 425
274 4 2 13 1 264 259 257 402
275 4 2 13 1 194 381 408 414
276 4 2 13 1 175 406 424 433
277 4 2 13 1 121 389 399 431
278 4 2 13 1 370 367 414 415
279 4 2 13 1 387 423 142 426
280 4 2 13 1 336 394 420 427
281 4 2 13 1 305 165 190 382
282 4 2 13 1 257 396 393 435
283 4 2 13 1 376 417 394 418
284 4 2 13 1 381 383 131 403
285 4 2 13 1 336 420 404 427
286 4 2 13 1 260 282 407 412
287 4 2 13 1 257 393 377 435
288 4 2 13 1 330 165 305 382
289 4 2 13 1 384 387 378 390
290 4 2 13 1 273 393 423 425
291 4 2 13 1 131 383 381 410
292 4 2 13 1 171 400 386 420
293 4 2 13 1 377 389 122 435
294 4 2 13 1 175 226 400 424
295 4 2 13 1 257 377 393 437
296 4 2 13 1 118 142 423 426
297 4 2 13 1 257 264 402 437
298 4 2 13 1 338 367 364 415
299 4 2 13 1 273 254 393 425
300 4 2 13 1 175 406 226 424
301 4 2 13 1 378 384 390 401
302 4 2 13 1 255 384 254 423
303 4 2 13 1 392 394 375 395
304 4 2 13 1 171 386 211 420
305 4 2 13 1 247 260 407 412
306 4 2 13 1 273 255 254 423
307 4 2 13 1 131 410 381 415
308 4 2 13 1 165 210 190 382
309 4 2 13 1 379 387 384 390
310 4 2 13 1 389 396 122 435
311 4 2 13 1 314 399 380 405
312 4 2 13 1 338 414 367 415
313 4 2 13 1 377 396 389 435
314 4 2 13 1 343 330 305 382
315 4 2 13 1 388 393 379 396
316 4 2 13 1 333 325 417 418
317 4 2 13 1 171 225 386 400
318 4 2 13 1 333 417 409 418
319 4 2 13 1 381 403 131 415
320 4 2 13 1 377 399 389 431
321 4 2 13 1 379 389 388 396
322 4 2 13 1 379 390 384 401
323 4 2 13 1 395 416 110 417
324 4 2 13 1 376 416 395 417
325 4 2 13 1 305 382 190 418
326 4 2 13 1 380 412 407 436
327 4 2 13 1 118 423 396 426
328 4 2 13 1 391 247 407 412
329 4 2 13 1 376 394 392 395
330 4 2 13 1 377 393 388 396
331 4 2 13 1 239 112 395 416
332 4 2 13 1 379 423 387 426
333 4 2 13 1 388 389 377 396
334 4 2 13 1 381 403 327 404
335 4 2 13 1 105 391 232 407
336 4 2 13 1 225 280 386 422
337 4 2 13 1 356 380 314 413
338 4 2 13 1 330 165 382 411
339 4 2 13 1 345 409 333 417
340 4 2 13 1 326 308 129 403
341 4 2 13 1 396 423 379 426
342 4 2 13 1 260 289 282 412
343 4 2 13 1 366 381 370 414
344 4 2 13 1 225 400 280 422
345 4 2 13 1 381 414 355 415
346 4 2 13 1 225 386 400 422
347 4 2 13 1 409 417 376 418
348 4 2 13 1 392 395 111 417
349 4 2 13 1 239 416 395 424
350 4 2 13 1 129 403 308 415
351 4 2 13 1 235 395 108 430
352 4 2 13 1 375 395 394 400
353 4 2 13 1 370 414 381 415
354 4 2 13 1 121 399 312 431
355 4 2 13 1 356 380 413 419
356 4 2 13 1 129 308 135 415
357 4 2 13 1 346 327 403 404
358 4 2 13 1 338 310 367 414
359 4 2 13 1 382 409 385 416
360 4 2 13 1 366 408 381 414
361 4 2 13 1 274 391 402 412
362 4 2 13 1 385 406 382 416
363 4 2 13 1 121 312 389 431
364 4 2 13 1 325 360 392 394
365 4 2 13 1 331 382 397 434
366 4 2 13 1 212 380 402 405
367 4 2 13 1 366 370 381 415
368 4 2 13 1 381 383 375 386
369 4 2 13 1 307 404 198 414
370 4 2 13 1 266 225 280 386
371 4 2 13 1 325 333 342 418
372 4 2 13 1 289 260 234 412
373 4 2 13 1 184 388 302 405
374 4 2 13 1 407 412 287 436
375 4 2 13 1 128 155 110 417
376 4 2 13 1 93 132 261 383
377 4 2 13 1 217 167 394 420
378 4 2 13 1 331 411 382 434
379 4 2 13 1 189 398 382 432
380 4 2 13 1 114 397 147 409
381 4 2 13 1 272 398 241 406
382 4 2 13 1 266 386 280 422
383 4 2 13 1 307 198 339 414
384 4 2 13 1 232 105 119 391
385 4 2 13 1 381 386 375 404
386 4 2 13 1 261 383 132 410
387 4 2 13 1 376 395 392 417
388 4 2 13 1 235 108 383 430
389 4 2 13 1 390 318 428 434
390 4 2 13 1 392 394 376 417
391 4 2 13 1 366 381 410 415
392 4 2 13 1 125 390 318 428
393 4 2 13 1 114 385 397 409
394 4 2 13 1 289 407 282 412
395 4 2 13 1 380 407 287 436
396 4 2 13 1 235 422 395 430
397 4 2 13 1 93 219 108 383
398 4 2 13 1 241 398 385 406
399 4 2 13 1 195 386 231 408
400 4 2 13 1 380 399 314 413
401 4 2 13 1 325 394 392 417
402 4 2 13 1 206 332 166 394
403 4 2 13 1 162 212 405 419
404 4 2 13 1 118 142 97 423
405 4 2 13 1 108 219 235 383
406 4 2 13 1 383 386 381 408
407 4 2 13 1 160 254 384 425
408 4 2 13 1 356 413 311 419
409 4 2 13 1 331 382 323 397
410 4 2 13 1 347 315 309 405
411 4 2 13 1 177 382 189 398
412 4 2 13 1 249 386 383 408
413 4 2 13 1 220 108 235 395
414 4 2 13 1 391 399 133 435
415 4 2 13 1 191 382 406 418
416 4 2 13 1 315 309 405 419
417 4 2 13 1 259 402 391 435
418 4 2 13 1 94 239 112 395
419 4 2 13 1 249 408 383 410
420 4 2 13 1 114 385 409 416
421 4 2 13 1 261 219 93 383
422 4 2 13 1 247 234 260 412
423 4 2 13 1 375 383 381 403
424 4 2 13 1 105 232 279 407
425 4 2 13 1 189 382 411 432
426 4 2 13 1 333 409 382 418
427 4 2 13 1 162 200 212 419
428 4 2 13 1 241 406 385 416
429 4 2 13 1 397 428 318 434
430 4 2 13 1 210 177 191 382
431 4 2 13 1 203 194 386 408
432 4 2 13 1 210 190 382 418
433 4 2 13 1 392 394 360 427
434 4 2 13 1 343 333 323 382
435 4 2 13 1 274 247 391 412
436 4 2 13 1 125 318 397 428
437 4 2 13 1 343 382 305 418
438 4 2 13 1 338 355 414 415
439 4 2 13 1 191 382 177 406
440 4 2 13 1 210 382 191 418
441 4 2 13 1 323 382 333 409
442 4 2 13 1 239 94 220 395
443 4 2 13 1 256 229 180 393
444 4 2 13 1 128 110 416 417
445 4 2 13 1 128 416 409 417
446 4 2 13 1 302 184 328 388
447 4 2 13 1 206 306 332 394
448 4 2 13 1 334 392 360 427
449 4 2 13 1 232 119 246 391
450 4 2 13 1 391 402 377 435
451 4 2 13 1 312 297 100 389
452 4 2 13 1 160 393 254 425
453 4 2 13 1 345 333 325 417
454 4 2 13 1 198 307 192 404
455 4 2 13 1 377 399 391 435
456 4 2 13 1 256 180 161 393
457 4 2 13 1 323 331 343 382
458 4 2 13 1 333 382 343 418
459 4 2 13 1 237 239 395 424
460 4 2 13 1 392 403 154 430
461 4 2 13 1 383 408 381 410
462 4 2 13 1 210 189 177 382
463 4 2 13 1 349 306 167 394
464 4 2 13 1 279 153 105 407
465 4 2 13 1 220 94 108 395
466 4 2 13 1 355 381 404 414
467 4 2 13 1 386 375 420 422
468 4 2 13 1 376 382 406 416
469 4 2 13 1 380 391 407 412
470 4 2 13 1 382 376 409 416
471 4 2 13 1 260 279 232 407
472 4 2 13 1 281 226 406 424
473 4 2 13 1 223 97 115 387
474 4 2 13 1 343 382 331 411
475 4 2 13 1 380 405 212 419
476 4 2 13 1 140 383 131 410
477 4 2 13 1 242 223 115 387
478 4 2 13 1 210 189 382 411
479 4 2 13 1 223 97 387 423
480 4 2 13 1 160 254 178 384
481 4 2 13 1 210 382 165 411
482 4 2 13 1 178 254 228 384
483 4 2 13 1 400 420 375 422
484 4 2 13 1 212 380 183 402
485 4 2 13 1 235 383 422 430
486 4 2 13 1 327 381 355 415
487 4 2 13 1 256 393 161 437
488 4 2 13 1 375 403 381 404
489 4 2 13 1 315 356 309 419
490 4 2 13 1 287 407 380 413
491 4 2 13 1 312 100 121 389
492 4 2 13 1 154 392 104 403
493 4 2 13 1 327 403 381 415
494 4 2 13 1 110 395 112 416
495 4 2 13 1 166 218 394 433
496 4 2 13 1 97 223 244 396
497 4 2 13 1 249 383 275 410
498 4 2 13 1 302 405 388 431
499 4 2 13 1 328 184 163 388
500 4 2 13 1 257 256 264 437
501 4 2 13 1 394 395 376 400
502 4 2 13 1 174 166 218 394
503 4 2 13 1 108 148 93 383
504 4 2 13 1 110 111 395 417
505 4 2 13 1 232 391 247 407
506 4 2 13 1 343 330 382 411
507 4 2 13 1 118 97 396 423
508 4 2 13 1 102 397 299 409
509 4 2 13 1 320 401 390 429
510 4 2 13 1 185 388 184 405
511 4 2 13 1 281 238 226 424
512 4 2 13 1 97 244 117 396
513 4 2 13 1 223 396 97 423
514 4 2 13 1 318 125 101 390
515 4 2 13 1 176 398 227 406
516 4 2 13 1 318 101 298 390
517 4 2 13 1 296 137 340 413
518 4 2 13 1 365 363 262 410
519 4 2 13 1 263 230 182 412
520 4 2 13 1 386 420 400 422
521 4 2 13 1 382 397 385 409
522 4 2 13 1 260 232 247 407
523 4 2 13 1 296 99 137 413
524 4 2 13 1 317 426 389 429
525 4 2 13 1 203 386 194 404
526 4 2 13 1 385 398 382 406
527 4 2 13 1 326 327 308 403
528 4 2 13 1 176 227 158 406
529 4 2 13 1 325 360 334 392
530 4 2 13 1 174 217 394 420
531 4 2 13 1 145 122 396 435
532 4 2 13 1 302 388 329 431
533 4 2 13 1 167 174 217 394
534 4 2 13 1 102 299 322 409
535 4 2 13 1 332 166 394 418
536 4 2 13 1 257 271 396 435
537 4 2 13 1 336 306 349 394
538 4 2 13 1 111 392 109 395
539 4 2 13 1 327 308 403 415
540 4 2 13 1 175 400 173 433
541 4 2 13 1 167 306 206 394
542 4 2 13 1 182 168 263 412
543 4 2 13 1 221 240 95 385
544 4 2 13 1 293 153 279 407
545 4 2 13 1 148 383 108 430
546 4 2 13 1 178 228 252 438
547 4 2 13 1 178 252 159 438
548 4 2 13 1 250 158 227 406
549 4 2 13 1 178 384 228 438
550 4 2 13 1 124 387 142 426
551 4 2 13 1 320 426 317 429
552 4 2 13 1 320 390 426 429
553 4 2 13 1 321 390 320 401
554 4 2 13 1 251 281 406 424
555 4 2 13 1 378 385 382 397
556 4 2 13 1 382 385 378 398
557 4 2 13 1 240 113 95 385
558 4 2 13 1 178 159 384 438
559 4 2 13 1 356 311 337 419
560 4 2 13 1 142 387 97 423
561 4 2 13 1 262 363 408 410
562 4 2 13 1 380 419 212 436
563 4 2 13 1 388 405 185 437
564 4 2 13 1 180 254 160 393
565 4 2 13 1 164 401 348 429
566 4 2 13 1 198 404 194 414
567 4 2 13 1 180 229 254 393
568 4 2 13 1 102 322 127 409
569 4 2 13 1 289 287 407 412
570 4 2 13 1 222 96 240 421
571 4 2 13 1 275 383 261 410
572 4 2 13 1 175 207 406 433
573 4 2 13 1 118 396 389 426
574 4 2 13 1 212 402 196 405
575 4 2 13 1 161 393 180 437
576 4 2 13 1 131 383 140 403
577 4 2 13 1 159 432 384 438
578 4 2 13 1 282 279 260 407
579 4 2 13 1 357 317 329 388
580 4 2 13 1 114 409 128 416
581 4 2 13 1 257 393 256 437
582 4 2 13 1 377 391 380 402
583 4 2 13 1 317 388 357 429
584 4 2 13 1 240 96 113 421
585 4 2 13 1 380 391 377 399
586 4 2 13 1 380 402 391 412
587 4 2 13 1 251 406 241 416
588 4 2 13 1 319 320 321 390
589 4 2 13 1 186 303 163 388
590 4 2 13 1 183 380 212 436
591 4 2 13 1 121 99 296 399
592 4 2 13 1 183 402 380 412
593 4 2 13 1 121 296 312 399
594 4 2 13 1 312 350 297 389
595 4 2 13 1 124 390 387 426
596 4 2 13 1 358 405 302 431
597 4 2 13 1 409 416 376 417
598 4 2 13 1 355 404 307 414
599 4 2 13 1 221 385 95 416
600 4 2 13 1 164 348 303 429
601 4 2 13 1 169 199 362 414
602 4 2 13 1 144 128 110 416
603 4 2 13 1 237 416 239 424
604 4 2 13 1 317 389 388 429
605 4 2 13 1 382 398 177 406
606 4 2 13 1 171 248 156 386
607 4 2 13 1 230 402 182 412
608 4 2 13 1 136 106 368 415
609 4 2 13 1 323 397 382 409
610 4 2 13 1 102 318 299 397
611 4 2 13 1 306 342 332 394
612 4 2 13 1 136 368 410 415
613 4 2 13 1 99 296 399 413
614 4 2 13 1 163 303 328 388
615 4 2 13 1 358 302 329 431
616 4 2 13 1 130 403 383 430
617 4 2 13 1 109 395 392 430
618 4 2 13 1 186 303 388 429
619 4 2 13 1 332 394 342 418
620 4 2 13 1 243 384 255 387
621 4 2 13 1 261 275 219 383
622 4 2 13 1 346 404 403 427
623 4 2 13 1 256 161 230 402
624 4 2 13 1 362 408 366 414
625 4 2 13 1 164 303 186 429
626 4 2 13 1 199 408 362 414
627 4 2 13 1 318 102 125 397
628 4 2 13 1 377 402 380 405
629 4 2 13 1 193 386 404 420
630 4 2 13 1 384 387 243 438
631 4 2 13 1 378 397 382 434
632 4 2 13 1 380 399 377 405
633 4 2 13 1 225 248 171 386
634 4 2 13 1 355 307 339 414
635 4 2 13 1 293 279 282 407
636 4 2 13 1 238 269 226 400
637 4 2 13 1 161 182 230 402
638 4 2 13 1 382 398 378 432
639 4 2 13 1 198 192 194 404
640 4 2 13 1 366 381 408 410
641 4 2 13 1 218 174 394 433
642 4 2 13 1 226 251 281 406
643 4 2 13 1 312 350 389 431
644 4 2 13 1 366 410 368 415
645 4 2 13 1 406 416 251 424
646 4 2 13 1 240 113 385 421
647 4 2 13 1 166 174 206 394
648 4 2 13 1 366 368 370 415
649 4 2 13 1 136 410 131 415
650 4 2 13 1 255 387 384 423
651 4 2 13 1 359 321 401 434
652 4 2 13 1 141 113 96 421
653 4 2 13 1 378 382 411 434
654 4 2 13 1 183 412 380 436
655 4 2 13 1 400 420 173 433
656 4 2 13 1 302 328 329 388
657 4 2 13 1 110 155 111 417
658 4 2 13 1 382 378 411 432
659 4 2 13 1 238 400 226 424
660 4 2 13 1 111 154 109 392
661 4 2 13 1 193 386 203 404
662 4 2 13 1 237 239 220 395
663 4 2 13 1 256 402 264 437
664 4 2 13 1 362 366 370 414
665 4 2 13 1 338 355 310 414
666 4 2 13 1 317 388 389 431
667 4 2 13 1 242 268 223 387
668 4 2 13 1 237 270 416 424
669 4 2 13 1 284 134 286 407
670 4 2 13 1 301 326 129 403
671 4 2 13 1 123 100 297 426
672 4 2 13 1 174 173 420 433
673 4 2 13 1 104 392 301 403
674 4 2 13 1 159 252 176 398
675 4 2 13 1 268 223 387 423
676 4 2 13 1 122 389 118 396
677 4 2 13 1 167 206 174 394
678 4 2 13 1 176 252 227 398
679 4 2 13 1 194 408 199 414
680 4 2 13 1 359 319 321 434
681 4 2 13 1 157 173 175 400
682 4 2 13 1 123 297 316 426
683 4 2 13 1 194 199 169 414
684 4 2 13 1 129 131 403 415
685 4 2 13 1 141 385 113 421
686 4 2 13 1 100 389 297 426
687 4 2 13 1 166 394 418 433
688 4 2 13 1 385 398 253 421
689 4 2 13 1 188 304 164 401
690 4 2 13 1 227 398 272 406
691 4 2 13 1 156 195 203 386
692 4 2 13 1 160 178 205 384
693 4 2 13 1 159 179 384 432
694 4 2 13 1 359 401 304 411
695 4 2 13 1 317 329 388 431
696 4 2 13 1 253 385 241 398
697 4 2 13 1 237 270 239 416
698 4 2 13 1 126 397 385 428
699 4 2 13 1 142 115 97 387
700 4 2 13 1 147 397 102 409
701 4 2 13 1 114 385 126 397
702 4 2 13 1 130 140 383 403
703 4 2 13 1 391 399 380 407
704 4 2 13 1 96 141 421 428
705 4 2 13 1 116 387 124 390
706 4 2 13 1 146 118 389 426
707 4 2 13 1 178 159 179 384
708 4 2 13 1 321 401 320 429
709 4 2 13 1 387 390 116 428
710 4 2 13 1 171 172 400 420
711 4 2 13 1 191 418 406 433
712 4 2 13 1 277 261 132 410
713 4 2 13 1 129 135 131 415
714 4 2 13 1 380 407 399 413
715 4 2 13 1 245 393 257 396
716 4 2 13 1 160 384 205 425
717 4 2 13 1 109 392 154 430
718 4 2 13 1 233 365 262 410
719 4 2 13 1 130 154 403 430
720 4 2 13 1 181 388 185 393
721 4 2 13 1 96 387 116 421
722 4 2 13 1 120 391 105 407
723 4 2 13 1 114 128 144 416
724 4 2 13 1 171 211 172 420
725 4 2 13 1 359 401 411 434
726 4 2 13 1 304 348 164 401
727 4 2 13 1 298 101 316 426
728 4 2 13 1 188 304 401 411
729 4 2 13 1 358 313 315 405
730 4 2 13 1 316 101 123 426
731 4 2 13 1 270 251 241 416
732 4 2 13 1 298 390 101 426
733 4 2 13 1 187 384 179 401
734 4 2 13 1 174 420 394 433
735 4 2 13 1 104 301 129 403
736 4 2 13 1 159 252 398 438
737 4 2 13 1 193 211 386 420
738 4 2 13 1 256 161 402 437
739 4 2 13 1 140 132 383 410
740 4 2 13 1 303 357 328 388
741 4 2 13 1 303 357 388 429
742 4 2 13 1 387 390 379 426
743 4 2 13 1 185 393 388 437
744 4 2 13 1 269 225 157 400
745 4 2 13 1 203 386 195 408
746 4 2 13 1 274 391 259 402
747 4 2 13 1 389 396 379 426
748 4 2 13 1 375 404 386 420
749 4 2 13 1 325 342 360 394
750 4 2 13 1 171 157 225 400
751 4 2 13 1 136 131 106 415
752 4 2 13 1 186 388 209 429
753 4 2 13 1 250 227 272 406
754 4 2 13 1 245 393 396 423
755 4 2 13 1 171 156 211 386
756 4 2 13 1 297 389 316 426
757 4 2 13 1 399 405 313 431
758 4 2 13 1 147 102 127 409
759 4 2 13 1 327 355 338 415
760 4 2 13 1 257 229 256 393
761 4 2 13 1 209 186 163 388
762 4 2 13 1 383 386 258 422
763 4 2 13 1 141 126 385 428
764 4 2 13 1 235 236 220 395
765 4 2 13 1 379 426 390 429
766 4 2 13 1 235 236 395 422
767 4 2 13 1 389 426 379 429
768 4 2 13 1 258 383 249 386
769 4 2 13 1 167 192 349 404
770 4 2 13 1 376 400 395 424
771 4 2 13 1 177 398 176 406
772 4 2 13 1 318 390 319 434
773 4 2 13 1 360 394 336 427
774 4 2 13 1 130 154 104 403
775 4 2 13 1 331 323 344 397
776 4 2 13 1 96 421 116 428
777 4 2 13 1 284 107 134 407
778 4 2 13 1 268 387 255 423
779 4 2 13 1 187 384 401 425
780 4 2 13 1 196 405 402 437
781 4 2 13 1 299 397 323 409
782 4 2 13 1 306 336 360 394
783 4 2 13 1 253 267 385 421
784 4 2 13 1 186 209 187 429
785 4 2 13 1 331 397 344 434
786 4 2 13 1 212 196 201 405
787 4 2 13 1 277 132 151 410
788 4 2 13 1 223 244 396 423
789 4 2 13 1 268 243 255 387
790 4 2 13 1 298 320 390 426
791 4 2 13 1 125 139 390 428
792 4 2 13 1 341 320 317 429
793 4 2 13 1 382 409 376 418
794 4 2 13 1 173 400 172 420
795 4 2 13 1 116 421 387 428
796 4 2 13 1 146 118 122 389
797 4 2 13 1 110 111 109 395
798 4 2 13 1 243 265 384 438
799 4 2 13 1 141 385 421 428
800 4 2 13 1 376 406 382 418
801 4 2 13 1 181 388 393 425
802 4 2 13 1 136 368 361 410
803 4 2 13 1 122 145 133 435
804 4 2 13 1 271 257 259 435
805 4 2 13 1 93 140 132 383
806 4 2 13 1 158 177 176 406
807 4 2 13 1 231 386 249 408
808 4 2 13 1 125 139 101 390
809 4 2 13 1 324 301 143 392
810 4 2 13 1 319 318 298 390
811 4 2 13 1 174 173 172 420
812 4 2 13 1 298 316 320 426
813 4 2 13 1 112 110 94 395
814 4 2 13 1 108 395 109 430
815 4 2 13 1 177 189 204 398
816 4 2 13 1 375 392 395 430
817 4 2 13 1 316 317 320 426
818 4 2 13 1 179 401 384 432
819 4 2 13 1 209 425 187 429
820 4 2 13 1 229 273 254 393
821 4 2 13 1 346 403 335 427
822 4 2 13 1 201 185 184 405
823 4 2 13 1 193 167 217 420
824 4 2 13 1 254 255 228 384
825 4 2 13 1 148 140 383 430
826 4 2 13 1 179 187 205 384
827 4 2 13 1 163 184 185 388
828 4 2 13 1 377 405 388 437
829 4 2 13 1 147 128 114 409
830 4 2 13 1 317 316 297 389
831 4 2 13 1 251 416 270 424
832 4 2 13 1 199 369 362 408
833 4 2 13 1 301 403 392 427
834 4 2 13 1 378 387 384 438
835 4 2 13 1 272 253 241 398
836 4 2 13 1 235 219 258 383
837 4 2 13 1 144 110 112 416
838 4 2 13 1 299 323 322 409
839 4 2 13 1 105 120 119 391
840 4 2 13 1 247 232 246 391
841 4 2 13 1 175 250 226 406
842 4 2 13 1 241 251 272 406
843 4 2 13 1 204 398 189 432
844 4 2 13 1 255 243 265 384
845 4 2 13 1 114 126 147 397
846 4 2 13 1 313 405 358 431
847 4 2 13 1 316 389 317 426
848 4 2 13 1 225 266 248 386
849 4 2 13 1 121 138 99 399
850 4 2 13 1 108 94 109 395
851 4 2 13 1 103 127 300 409
852 4 2 13 1 185 405 201 437
853 4 2 13 1 253 267 241 385
854 4 2 13 1 141 126 114 385
855 4 2 13 1 280 400 238 422
856 4 2 13 1 97 117 118 396
857 4 2 13 1 284 294 150 413
858 4 2 13 1 216 197 285 412
859 4 2 13 1 96 116 141 428
860 4 2 13 1 191 177 207 406
861 4 2 13 1 235 383 258 422
862 4 2 13 1 100 122 121 389
863 4 2 13 1 107 407 284 413
864 4 2 13 1 273 393 245 423
865 4 2 13 1 349 192 307 404
866 4 2 13 1 312 399 313 431
867 4 2 13 1 159 398 432 438
868 4 2 13 1 188 401 202 411
869 4 2 13 1 250 175 158 406
870 4 2 13 1 390 401 379 429
871 4 2 13 1 241 385 221 416
872 4 2 13 1 95 385 114 416
873 4 2 13 1 96 115 116 387
874 4 2 13 1 248 249 231 386
875 4 2 13 1 221 112 239 416
876 4 2 13 1 188 164 202 401
877 4 2 13 1 257 245 273 393
878 4 2 13 1 205 384 187 425
879 4 2 13 1 134 105 153 407
880 4 2 13 1 139 116 390 428
881 4 2 13 1 375 394 392 427
882 4 2 13 1 127 322 300 409
883 4 2 13 1 236 395 422 424
884 4 2 13 1 388 389 379 429
885 4 2 13 1 318 344 397 434
886 4 2 13 1 263 274 230 412
887 4 2 13 1 193 203 194 404
888 4 2 13 1 104 143 301 392
889 4 2 13 1 99 149 137 413
890 4 2 13 1 311 356 314 413
891 4 2 13 1 314 296 340 413
892 4 2 13 1 119 105 232 22
893 4 2 13 1 221 95 112 416
894 4 2 13 1 184 347 162 405
895 4 2 13 1 300 103 409 417
896 4 2 13 1 284 407 287 413
897 4 2 13 1 185 208 393 437
898 4 2 13 1 388 425 209 429
899 4 2 13 1 208 161 180 437
900 4 2 13 1 385 397 378 428
901 4 2 13 1 406 418 376 433
902 4 2 13 1 196 212 183 402
903 4 2 13 1 335 346 327 403
904 4 2 13 1 376 416 406 424
905 4 2 13 1 304 359 321 401
906 4 2 13 1 139 116 124 390
907 4 2 13 1 181 185 208 393
908 4 2 13 1 378 398 385 421
909 4 2 13 1 253 421 398 438
910 4 2 13 1 191 406 207 433
911 4 2 13 1 395 416 376 424
912 4 2 13 1 375 400 394 420
913 4 2 13 1 295 216 285 412
914 4 2 13 1 124 116 142 387
915 4 2 13 1 151 372 277 410
916 4 2 13 1 313 312 296 399
917 4 2 13 1 142 118 124 426
918 4 2 13 1 366 408 363 410
919 4 2 13 1 12 108 235 220
920 4 2 13 1 323 333 345 409
921 4 2 13 1 314 399 296 413
922 4 2 13 1 324 392 143 417
923 4 2 13 1 394 420 400 433
924 4 2 13 1 348 401 321 429
925 4 2 13 1 193 404 167 420
926 4 2 13 1 145 122 118 396
927 4 2 13 1 326 129 39 301
928 4 2 13 1 365 366 363 410
929 4 2 13 1 299 318 344 397
930 4 2 13 1 383 403 375 430
931 4 2 13 1 387 421 243 438
932 4 2 13 1 264 256 230 402
933 4 2 13 1 94 239 13 112
934 4 2 13 1 113 114 95 385
935 4 2 13 1 221 241 240 385
936 4 2 13 1 130 131 140 403
937 4 2 13 1 259 274 247 391
938 4 2 13 1 208 180 393 437
939 4 2 13 1 161 230 57 256
940 4 2 13 1 324 143 300 417
941 4 2 13 1 209 185 181 388
942 4 2 13 1 245 257 271 396
943 4 2 13 1 233 249 275 410
944 4 2 13 1 99 399 149 413
945 4 2 13 1 108 93 11 219
946 4 2 13 1 159 398 204 432
947 4 2 13 1 180 160 181 393
948 4 2 13 1 195 231 278 408
949 4 2 13 1 236 280 238 422
950 4 2 13 1 258 386 266 422
951 4 2 13 1 168 182 183 412
952 4 2 13 1 184 302 347 405
953 4 2 13 1 365 277 372 410
954 4 2 13 1 274 402 230 412
955 4 2 13 1 297 30 312 100
956 4 2 13 1 379 423 393 425
957 4 2 13 1 287 282 289 407
958 4 2 13 1 119 232 246 22
959 4 2 13 1 230 161 57 182
960 4 2 13 1 379 396 393 423
961 4 2 13 1 220 239 13 94
962 4 2 13 1 378 421 387 438
963 4 2 13 1 160 181 393 425
964 4 2 13 1 379 384 423 425
965 4 2 13 1 220 12 108 94
966 4 2 13 1 225 238 280 400
967 4 2 13 1 130 383 140 430
968 4 2 13 1 266 258 249 386
969 4 2 13 1 325 392 324 417
970 4 2 13 1 187 425 401 429
971 4 2 13 1 235 108 11 219
972 4 2 13 1 403 404 375 427
973 4 2 13 1 195 278 214 408
974 4 2 13 1 10 93 132 261
975 4 2 13 1 148 130 140 430
976 4 2 13 1 384 387 379 423
977 4 2 13 1 209 388 181 425
978 4 2 13 1 284 150 107 413
979 4 2 13 1 275 249 258 383
980 4 2 13 1 276 295 234 412
981 4 2 13 1 210 165 189 411
982 4 2 13 1 378 401 390 434
983 4 2 13 1 244 117 396 435
984 4 2 13 1 175 173 207 433
985 4 2 13 1 182 402 183 412
986 4 2 13 1 101 316 32 298
987 4 2 13 1 211 203 193 386
988 4 2 13 1 99 296 29 121
989 4 2 13 1 340 296 28 137
990 4 2 13 1 197 285 412 436
991 4 2 13 1 316 101 32 123
992 4 2 13 1 400 422 395 424
993 4 2 13 1 120 407 107 413
994 4 2 13 1 378 390 387 428
995 4 2 13 1 375 386 383 422
996 4 2 13 1 379 393 388 425
997 4 2 13 1 204 159 176 398
998 4 2 13 1 296 312 29 121
999 4 2 13 1 99 28 296 137
1000 4 2 13 1 102 318 34 299
1001 4 2 13 1 246 391 119 435
1002 4 2 13 1 140 131 136 410
1003 4 2 13 1 104 39 129 301
1004 4 2 13 1 121 312 30 100
1005 4 2 13 1 324 38 143 301
1006 4 2 13 1 93 10 219 261
1007 4 2 13 1 317 389 350 431
1008 4 2 13 1 395 400 375 422
1009 4 2 13 1 31 297 123 100
1010 4 2 13 1 298 318 33 101
1011 4 2 13 1 202 187 179 401
1012 4 2 13 1 244 98 117 435
1013 4 2 13 1 125 33 318 101
1014 4 2 13 1 318 102 34 125
1015 4 2 13 1 224 98 244 435
1016 4 2 13 1 388 405 377 431
1017 4 2 13 1 297 316 31 123
1018 4 2 13 1 182 58 263 168
1019 4 2 13 1 301 335 403 427
1020 4 2 13 1 103 300 143 417
1021 4 2 13 1 284 287 290 413
1022 4 2 13 1 58 263 230 182
1023 4 2 13 1 379 401 384 425
1024 4 2 13 1 276 216 295 412
1025 4 2 13 1 25 284 134 286
1026 4 2 13 1 376 424 406 433
1027 4 2 13 1 221 14 239 112
1028 4 2 13 1 294 351 150 413
1029 4 2 13 1 176 227 51 158
1030 4 2 13 1 224 98 119 21
1031 4 2 13 1 243 387 242 421
1032 4 2 13 1 278 373 214 408
1033 4 2 13 1 274 259 264 402
1034 4 2 13 1 138 133 149 399
1035 4 2 13 1 307 355 346 404
1036 4 2 13 1 384 401 378 432
1037 4 2 13 1 223 245 244 423
1038 4 2 13 1 201 405 196 437
1039 4 2 13 1 195 156 46 248
1040 4 2 13 1 119 246 224 21
1041 4 2 13 1 269 238 225 400
1042 4 2 13 1 98 224 119 435
1043 4 2 13 1 112 221 14 95
1044 4 2 13 1 394 400 376 433
1045 4 2 13 1 394 375 420 427
1046 4 2 13 1 212 419 170 436
1047 4 2 13 1 245 396 244 423
1048 4 2 13 1 317 350 329 431
1049 4 2 13 1 244 97 19 223
1050 4 2 13 1 240 16 96 222
1051 4 2 13 1 115 97 223 18
1052 4 2 13 1 115 96 17 222
1053 4 2 13 1 322 102 35 299
1054 4 2 13 1 15 221 240 95
1055 4 2 13 1 227 250 51 158
1056 4 2 13 1 71 305 165 190
1057 4 2 13 1 375 403 392 430
1058 4 2 13 1 246 119 224 435
1059 4 2 13 1 376 418 394 433
1060 4 2 13 1 202 411 401 432
1061 4 2 13 1 231 195 46 248
1062 4 2 13 1 385 378 421 428
1063 4 2 13 1 263 216 276 412
1064 4 2 13 1 240 16 113 96
1065 4 2 13 1 18 223 115 242
1066 4 2 13 1 113 15 240 95
1067 4 2 13 1 97 244 19 117
1068 4 2 13 1 222 17 115 242
1069 4 2 13 1 398 421 378 438
1070 4 2 13 1 180 56 229 256
1071 4 2 13 1 104 143 38 301
1072 4 2 13 1 125 397 126 428
1073 4 2 13 1 324 325 334 392
1074 4 2 13 1 339 307 76 198
1075 4 2 13 1 305 330 71 165
1076 4 2 13 1 117 244 20 98
1077 4 2 13 1 224 20 244 98
1078 4 2 13 1 240 385 267 421
1079 4 2 13 1 180 56 256 161
1080 4 2 13 1 176 52 227 252
1081 4 2 13 1 52 176 159 252
1082 4 2 13 1 178 160 54 254
1083 4 2 13 1 228 53 178 252
1084 4 2 13 1 228 178 54 254
1085 4 2 13 1 229 55 180 254
1086 4 2 13 1 159 178 53 252
1087 4 2 13 1 160 180 55 254
1088 4 2 13 1 348 321 303 429
1089 4 2 13 1 127 102 35 322
1090 4 2 13 1 263 168 216 412
1091 4 2 13 1 192 76 307 198
1092 4 2 13 1 236 237 395 424
1093 4 2 13 1 163 186 67 303
1094 4 2 13 1 402 405 377 437
1095 4 2 13 1 179 202 401 432
1096 4 2 13 1 388 393 377 437
1097 4 2 13 1 253 398 252 438
1098 4 2 13 1 156 171 47 248
1099 4 2 13 1 67 163 303 328
1100 4 2 13 1 125 102 126 397
1101 4 2 13 1 227 252 253 398
1102 4 2 13 1 301 335 326 403
1103 4 2 13 1 222 240 267 421
1104 4 2 13 1 120 107 149 413
1105 4 2 13 1 143 392 111 417
1106 4 2 13 1 330 188 165 411
1107 4 2 13 1 362 369 366 408
1108 4 2 13 1 143 37 324 300
1109 4 2 13 1 49 226 269 175
1110 4 2 13 1 304 321 348 401
1111 4 2 13 1 343 331 330 411
1112 4 2 13 1 222 243 242 421
1113 4 2 13 1 228 384 265 438
1114 4 2 13 1 140 136 132 410
1115 4 2 13 1 329 328 357 388
1116 4 2 13 1 162 184 65 347
1117 4 2 13 1 157 49 269 175
1118 4 2 13 1 404 420 375 427
1119 4 2 13 1 228 265 252 438
1120 4 2 13 1 25 284 107 134
1121 4 2 13 1 151 361 372 410
1122 4 2 13 1 161 196 182 402
1123 4 2 13 1 294 290 351 413
1124 4 2 13 1 392 403 375 427
1125 4 2 13 1 220 236 237 395
1126 4 2 13 1 144 95 114 416
1127 4 2 13 1 365 233 277 410
1128 4 2 13 1 304 188 330 411
1129 4 2 13 1 270 241 221 416
1130 4 2 13 1 36 127 322 300
1131 4 2 13 1 172 157 171 400
1132 4 2 13 1 215 169 371 414
1133 4 2 13 1 127 36 103 300
1134 4 2 13 1 37 143 103 300
1135 4 2 13 1 338 91 364 367
1136 4 2 13 1 166 418 218 433
1137 4 2 13 1 100 146 389 426
1138 4 2 13 1 161 196 402 437
1139 4 2 13 1 349 307 336 404
1140 4 2 13 1 85 234 289 260
1141 4 2 13 1 300 409 345 417
1142 4 2 13 1 302 65 184 347
1143 4 2 13 1 194 203 199 408
1144 4 2 13 1 175 50 250 158
1145 4 2 13 1 341 317 357 429
1146 4 2 13 1 171 47 248 225
1147 4 2 13 1 320 319 298 390
1148 4 2 13 1 50 250 226 175
1149 4 2 13 1 234 247 274 412
1150 4 2 13 1 155 128 103 417
1151 4 2 13 1 214 373 369 408
1152 4 2 13 1 286 293 282 407
1153 4 2 13 1 213 292 288 419
1154 4 2 13 1 260 289 85 282
1155 4 2 13 1 310 371 367 414
1156 4 2 13 1 295 289 234 412
1157 4 2 13 1 128 409 103 417
1158 4 2 13 1 179 205 178 384
1159 4 2 13 1 377 405 399 431
1160 4 2 13 1 175 207 158 406
1161 4 2 13 1 377 389 388 431
1162 4 2 13 1 361 368 366 410
1163 4 2 13 1 360 342 306 394
1164 4 2 13 1 378 411 401 434
1165 4 2 13 1 328 66 163 184
1166 4 2 13 1 101 390 124 426
1167 4 2 13 1 117 145 396 435
1168 4 2 13 1 244 396 271 435
1169 4 2 13 1 351 290 311 413
1170 4 2 13 1 82 262 365 363
1171 4 2 13 1 367 338 91 310
1172 4 2 13 1 165 330 70 188
1173 4 2 13 1 119 391 133 435
1174 4 2 13 1 259 391 246 435
1175 4 2 13 1 242 243 268 387
1176 4 2 13 1 167 193 192 404
1177 4 2 13 1 72 305 190 418
1178 4 2 13 1 311 88 337 290
1179 4 2 13 1 334 301 392 427
1180 4 2 13 1 265 228 255 384
1181 4 2 13 1 344 323 299 397
1182 4 2 13 1 184 328 66 302
1183 4 2 13 1 133 119 120 391
1184 4 2 13 1 259 247 246 391
1185 4 2 13 1 322 345 300 409
1186 4 2 13 1 387 421 378 428
1187 4 2 13 1 333 343 305 418
1188 4 2 13 1 141 114 113 385
1189 4 2 13 1 241 267 240 385
1190 4 2 13 1 190 166 72 418
1191 4 2 13 1 188 330 70 304
1192 4 2 13 1 296 314 313 399
1193 4 2 13 1 146 122 100 389
1194 4 2 13 1 401 411 378 432
1195 4 2 13 1 72 332 305 418
1196 4 2 13 1 250 251 226 406
1197 4 2 13 1 177 204 176 398
1198 4 2 13 1 193 194 192 404
1199 4 2 13 1 261 277 233 410
1200 4 2 13 1 127 103 128 409
1201 4 2 13 1 401 425 379 429
1202 4 2 13 1 110 109 94 395
1203 4 2 13 1 376 400 424 433
1204 4 2 13 1 106 43 136 368
1205 4 2 13 1 72 166 332 418
1206 4 2 13 1 326 335 327 403
1207 4 2 13 1 285 289 295 412
1208 4 2 13 1 233 275 261 410
1209 4 2 13 1 132 136 151 410
1210 4 2 13 1 183 212 170 436
1211 4 2 13 1 199 169 362 79
1212 4 2 13 1 229 257 273 393
1213 4 2 13 1 139 124 101 390
1214 4 2 13 1 100 123 146 426
1215 4 2 13 1 353 371 310 414
1216 4 2 13 1 297 350 317 389
1217 4 2 13 1 361 151 136 410
1218 4 2 13 1 349 167 306 206
1219 4 2 13 1 321 320 341 429
1220 4 2 13 1 111 104 154 392
1221 4 2 13 1 75 307 349 192
1222 4 2 13 1 117 145 118 396
1223 4 2 13 1 275 258 219 383
1224 4 2 13 1 131 130 129 403
1225 4 2 13 1 104 129 130 403
1226 4 2 13 1 292 354 337 419
1227 4 2 13 1 196 183 182 402
1228 4 2 13 1 364 374 352 415
1229 4 2 13 1 115 142 116 387
1230 4 2 13 1 167 75 349 192
1231 4 2 13 1 199 203 195 408
1232 4 2 13 1 332 73 206 166
1233 4 2 13 1 289 412 285 436
1234 4 2 13 1 290 294 284 413
1235 4 2 13 1 245 271 244 396
1236 4 2 13 1 120 105 134 407
1237 4 2 13 1 325 300 345 417
1238 4 2 13 1 170 212 200 419
1239 4 2 13 1 174 172 217 420
1240 4 2 13 1 181 208 180 393
1241 4 2 13 1 371 169 362 414
1242 4 2 13 1 189 411 202 432
1243 4 2 13 1 185 209 163 388
1244 4 2 13 1 384 432 378 438
1245 4 2 13 1 336 404 346 427
1246 4 2 13 1 210 191 190 418
1247 4 2 13 1 270 221 239 416
1248 4 2 13 1 120 134 107 407
1249 4 2 13 1 213 288 170 419
1250 4 2 13 1 388 379 425 429
1251 4 2 13 1 88 283 337 290
1252 4 2 13 1 95 144 112 416
1253 4 2 13 1 214 369 199 408
1254 4 2 13 1 284 286 287 407
1255 4 2 13 1 187 202 164 401
1256 4 2 13 1 227 253 272 398
1257 4 2 13 1 147 126 102 397
1258 4 2 13 1 188 202 189 411
1259 4 2 13 1 157 172 173 400
1260 4 2 13 1 236 238 237 424
1261 4 2 13 1 301 324 334 392
1262 4 2 13 1 315 302 358 405
1263 4 2 13 1 375 395 422 430
1264 4 2 13 1 338 364 352 415
1265 4 2 13 1 237 251 270 424
1266 4 2 13 1 306 332 73 206
1267 4 2 13 1 374 106 152 415
1268 4 2 13 1 338 308 327 415
1269 4 2 13 1 300 325 324 417
1270 4 2 13 1 371 353 215 414
1271 4 2 13 1 143 104 111 392
1272 4 2 13 1 148 140 93 383
1273 4 2 13 1 346 336 307 404
1274 4 2 13 1 167 349 74 206
1275 4 2 13 1 224 244 271 435
1276 4 2 13 1 117 98 145 435
1277 4 2 13 1 207 177 158 406
1278 4 2 13 1 43 361 136 368
1279 4 2 13 1 162 201 184 405
1280 4 2 13 1 291 288 283 436
1281 4 2 13 1 200 354 213 419
1282 4 2 13 1 168 197 216 412
1283 4 2 13 1 365 233 262 82
1284 4 2 13 1 378 390 428 434
1285 4 2 13 1 311 314 340 413
1286 4 2 13 1 368 364 370 415
1287 4 2 13 1 306 74 349 206
1288 4 2 13 1 162 212 201 405
1289 4 2 13 1 291 289 285 436
1290 4 2 13 1 234 86 295 276
1291 4 2 13 1 359 411 331 434
1292 4 2 13 1 135 308 352 415
1293 4 2 13 1 195 214 199 408
1294 4 2 13 1 103 111 155 417
1295 4 2 13 1 266 249 248 386
1296 4 2 13 1 251 237 281 424
1297 4 2 13 1 262 231 249 408
1298 4 2 13 1 332 342 333 418
1299 4 2 13 1 370 367 362 414
1300 4 2 13 1 345 322 323 409
1301 4 2 13 1 375 422 383 430
1302 4 2 13 1 362 199 79 369
1303 4 2 13 1 215 339 198 414
1304 4 2 13 1 302 315 347 405
1305 4 2 13 1 103 143 111 417
1306 4 2 13 1 334 335 301 427
1307 4 2 13 1 231 262 278 408
1308 4 2 13 1 263 276 234 412
1309 4 2 13 1 215 353 339 414
1310 4 2 13 1 150 137 107 413
1311 4 2 13 1 292 337 283 419
1312 4 2 13 1 149 107 137 413
1313 4 2 13 1 369 363 366 408
1314 4 2 13 1 288 419 283 436
1315 4 2 13 1 152 135 352 415
1316 4 2 13 1 137 27 340 150
1317 4 2 13 1 191 218 418 433
1318 4 2 13 1 354 200 309 419
1319 4 2 13 1 374 368 106 415
1320 4 2 13 1 378 428 397 434
1321 4 2 13 1 203 211 156 386
1322 4 2 13 1 101 124 123 426
1323 4 2 13 1 98 119 133 435
1324 4 2 13 1 259 246 224 435
1325 4 2 13 1 62 288 213 292
1326 4 2 13 1 312 313 350 431
1327 4 2 13 1 128 147 127 409
1328 4 2 13 1 263 234 274 412
1329 4 2 13 1 250 272 251 406
1330 4 2 13 1 263 216 59 276
1331 4 2 13 1 183 197 412 436
1332 4 2 13 1 191 218 166 418
1333 4 2 13 1 165 188 189 411
1334 4 2 13 1 331 359 304 411
1335 4 2 13 1 183 197 168 412
1336 4 2 13 1 218 173 174 433
1337 4 2 13 1 373 363 369 408
1338 4 2 13 1 216 263 59 168
1339 4 2 13 1 286 282 287 407
1340 4 2 13 1 105 279 232 23
1341 4 2 13 1 99 138 149 399
1342 4 2 13 1 63 213 200 354
1343 4 2 13 1 374 152 352 415
1344 4 2 13 1 398 378 432 438
1345 4 2 13 1 351 311 340 413
1346 4 2 13 1 26 294 150 284
1347 4 2 13 1 27 351 340 150
1348 4 2 13 1 303 321 341 429
1349 4 2 13 1 124 118 146 426
1350 4 2 13 1 274 264 230 402
1351 4 2 13 1 185 201 196 437
1352 4 2 13 1 334 360 336 427
1353 4 2 13 1 292 354 89 337
1354 4 2 13 1 279 105 153 23
1355 4 2 13 1 372 361 365 410
1356 4 2 13 1 371 215 78 169
1357 4 2 13 1 243 421 253 438
1358 4 2 13 1 318 319 344 434
1359 4 2 13 1 292 213 354 419
1360 4 2 13 1 170 419 288 436
1361 4 2 13 1 284 150 26 107
1362 4 2 13 1 273 245 255 423
1363 4 2 13 1 289 234 86 295
1364 4 2 13 1 169 198 194 414
1365 4 2 13 1 354 200 63 309
1366 4 2 13 1 373 278 83 363
1367 4 2 13 1 304 330 331 411
1368 4 2 13 1 277 9 132 261
1369 4 2 13 1 288 170 62 213
1370 4 2 13 1 366 365 361 410
1371 4 2 13 1 285 216 60 197
1372 4 2 13 1 286 134 24 153
1373 4 2 13 1 267 253 243 421
1374 4 2 13 1 367 371 362 414
1375 4 2 13 1 231 45 195 278
1376 4 2 13 1 60 295 216 285
1377 4 2 13 1 160 205 181 425
1378 4 2 13 1 78 362 371 169
1379 4 2 13 1 367 310 92 371
1380 4 2 13 1 9 132 151 277
1381 4 2 13 1 337 89 292 283
1382 4 2 13 1 159 204 179 432
1383 4 2 13 1 214 195 45 278
1384 4 2 13 1 305 332 333 418
1385 4 2 13 1 81 277 372 365
1386 4 2 13 1 293 286 24 153
1387 4 2 13 1 238 281 237 424
1388 4 2 13 1 145 98 133 435
1389 4 2 13 1 259 224 271 435
1390 4 2 13 1 83 278 262 363
1391 4 2 13 1 352 135 41 308
1392 4 2 13 1 135 106 131 415
1393 4 2 13 1 190 191 166 418
1394 4 2 13 1 215 198 169 414
1395 4 2 13 1 355 339 310 414
1396 4 2 13 1 125 126 139 428
1397 4 2 13 1 193 172 211 420
1398 4 2 13 1 374 352 90 364
1399 4 2 13 1 260 282 84 279
1400 4 2 13 1 148 108 109 430
1401 4 2 13 1 303 341 357 429
1402 4 2 13 1 41 152 135 352
1403 4 2 13 1 364 352 90 338
1404 4 2 13 1 353 310 339 414
1405 4 2 13 1 235 258 236 422
1406 4 2 13 1 292 283 288 419
1407 4 2 13 1 365 81 277 233
1408 4 2 13 1 364 368 374 415
1409 4 2 13 1 152 42 106 374
1410 4 2 13 1 336 346 335 427
1411 4 2 13 1 337 309 356 419
1412 4 2 13 1 282 84 279 293
1413 4 2 13 1 214 80 369 373
1414 4 2 13 1 353 92 310 371
1415 4 2 13 1 352 308 338 415
1416 4 2 13 1 42 106 374 368
1417 4 2 13 1 193 217 172 420
1418 4 2 13 1 289 234 85 86
1419 4 2 13 1 135 152 106 415
1420 4 2 13 1 258 266 280 422
1421 4 2 13 1 87 290 311 351
1422 4 2 13 1 61 285 197 436
1423 4 2 13 1 22 105 232 23
1424 4 2 13 1 209 181 187 425
1425 4 2 13 1 265 243 253 438
1426 4 2 13 1 351 87 290 294
1427 4 2 13 1 296 29 28 99
1428 4 2 13 1 191 207 173 433
1429 4 2 13 1 372 151 44 361
1430 4 2 13 1 170 288 61 436
1431 4 2 13 1 200 213 170 419
1432 4 2 13 1 230 57 58 182
1433 4 2 13 1 267 243 222 421
1434 4 2 13 1 215 198 339 77
1435 4 2 13 1 191 173 218 433
1436 4 2 13 1 183 170 197 436
1437 4 2 13 1 38 39 104 301
1438 4 2 13 1 268 245 223 423
1439 4 2 13 1 10 11 93 219
1440 4 2 13 1 339 353 215 77
1441 4 2 13 1 11 108 235 12
1442 4 2 13 1 13 12 220 94
1443 4 2 13 1 309 337 354 419
1444 4 2 13 1 61 288 285 436
1445 4 2 13 1 268 255 245 423
1446 4 2 13 1 58 59 263 168
1447 4 2 13 1 80 369 199 214
1448 4 2 13 1 126 141 116 428
1449 4 2 13 1 129 39 40 326
1450 4 2 13 1 319 359 331 434
1451 4 2 13 1 161 208 196 437
1452 4 2 13 1 21 119 246 22
1453 4 2 13 1 284 26 25 107
1454 4 2 13 1 298 33 32 101
1455 4 2 13 1 361 151 44 136
1456 4 2 13 1 196 208 185 437
1457 4 2 13 1 265 253 252 438
1458 4 2 13 1 170 61 197 436
1459 4 2 13 1 49 50 226 175
1460 4 2 13 1 106 42 43 368
1461 4 2 13 1 179 189 202 432
1462 4 2 13 1 28 27 340 137
1463 4 2 13 1 297 31 30 100
1464 4 2 13 1 103 36 37 300
1465 4 2 13 1 329 313 358 431
1466 4 2 13 1 135 40 41 308
1467 4 2 13 1 32 31 316 123
1468 4 2 13 1 184 66 65 302
1469 4 2 13 1 374 152 4 352
1470 4 2 13 1 5 214 278 373
1471 4 2 13 1 2 279 293 153
1472 4 2 13 1 64 63 200 309
1473 4 2 13 1 195 46 45 231
1474 4 2 13 1 169 78 362 79
1475 4 2 13 1 205 187 181 425
1476 4 2 13 1 14 13 239 112
1477 4 2 13 1 156 47 46 248
1478 4 2 13 1 1 151 372 277
1479 4 2 13 1 6 295 276 216
1480 4 2 13 1 294 351 3 150
1481 4 2 13 1 371 353 8 215
1482 4 2 13 1 123 124 146 426
1483 4 2 13 1 62 61 170 288
1484 4 2 13 1 171 47 225 48
1485 4 2 13 1 102 34 35 299
1486 4 2 13 1 221 15 14 95
1487 4 2 13 1 19 223 97 18
1488 4 2 13 1 17 96 16 222
1489 4 2 13 1 30 29 312 121
1490 4 2 13 1 91 364 90 338
1491 4 2 13 1 336 335 334 427
1492 4 2 13 1 292 213 7 354
1493 4 2 13 1 75 76 307 192
1494 4 2 13 1 70 69 188 304
1495 4 2 13 1 283 337 89 88
1496 4 2 13 1 98 224 20 21
1497 4 2 13 1 318 34 33 125
1498 4 2 13 1 57 256 56 161
1499 4 2 13 1 109 154 130 430
1500 4 2 13 1 51 52 227 176
1501 4 2 13 1 52 159 53 252
1502 4 2 13 1 160 55 54 254
1503 4 2 13 1 178 54 53 228
1504 4 2 13 1 180 56 55 229
1505 4 2 13 1 163 67 66 328
1506 4 2 13 1 285 60 61 197
1507 4 2 13 1 258 280 236 422
1508 4 2 13 1 91 367 310 92
1509 4 2 13 1 186 68 67 303
1510 4 2 13 1 319 331 344 434
1511 4 2 13 1 126 116 139 428
1512 4 2 13 1 16 15 240 113
1513 4 2 13 1 17 18 115 242
1514 4 2 13 1 20 244 117 19
1515 4 2 13 1 72 73 332 166
1516 4 2 13 1 204 189 179 432
1517 4 2 13 1 85 260 282 84
1518 4 2 13 1 82 83 262 363
1519 4 2 13 1 305 71 72 190
1520 4 2 13 1 50 51 250 158
1521 4 2 13 1 329 350 313 431
1522 4 2 13 1 134 24 25 286
1523 4 2 13 1 290 311 88 87
1524 4 2 13 1 233 365 81 82
1525 4 2 13 1 9 10 132 261
1526 4 2 13 1 162 65 64 347
1527 4 2 13 1 330 70 71 165
1528 4 2 13 1 127 35 36 322
1529 4 2 13 1 37 38 143 324
1530 4 2 13 1 285 288 291 436
1531 4 2 13 1 198 76 339 77
1532 4 2 13 1 48 49 269 157
1533 4 2 13 1 293 24 2 153
1534 4 2 13 1 215 353 8 77
1535 4 2 13 1 295 6 60 216
1536 4 2 13 1 153 2 279 23
1537 4 2 13 1 41 4 152 352
1538 4 2 13 1 5 214 45 278
1539 4 2 13 1 373 278 5 83
1540 4 2 13 1 279 84 2 293
1541 4 2 13 1 109 130 148 430
1542 4 2 13 1 361 44 43 136
1543 4 2 13 1 199 79 369 80
1544 4 2 13 1 151 1 9 277
1545 4 2 13 1 4 374 352 90
1546 4 2 13 1 214 5 80 373
1547 4 2 13 1 151 44 1 372
1548 4 2 13 1 6 276 59 216
1549 4 2 13 1 351 27 3 150
1550 4 2 13 1 8 92 353 371
1551 4 2 13 1 73 74 306 206
1552 4 2 13 1 74 75 349 167
1553 4 2 13 1 63 7 213 354
1554 4 2 13 1 351 3 87 294
1555 4 2 13 1 69 68 164 348
1556 4 2 13 1 152 4 42 374
1557 4 2 13 1 277 372 1 81
1558 4 2 13 1 3 26 294 150
1559 4 2 13 1 295 86 6 276
1560 4 2 13 1 7 292 354 89
1561 4 2 13 1 8 371 215 78
1562 4 2 13 1 213 7 62 292
1563 4 2 13 1 399 122 121 138
1564 4 2 13 1 399 121 122 389
1565 4 2 13 1 404 327 355 346
1566 4 2 13 1 404 355 327 381
1567 4 2 13 1 195 248 386 156
1568 4 2 13 1 386 248 195 231
1569 4 2 13 1 405 314 313 315
1570 4 2 13 1 405 313 314 399
1571 4 2 13 1 436 419 287 380
1572 4 2 13 1 419 413 287 380
1573 4 2 13 1 421 96 115 222
1574 4 2 13 1 115 96 421 387
1575 4 2 13 1 115 242 421 222
1576 4 2 13 1 421 242 115 387
1577 4 2 13 1 164 303 68 186
1578 4 2 13 1 68 303 164 348
1579 4 2 13 1 429 164 187 186
1580 4 2 13 1 429 187 164 401
1581 4 2 13 1 413 120 399 149
1582 4 2 13 1 413 399 120 407
1583 4 2 13 1 391 120 399 407
1584 4 2 13 1 238 422 424 236
1585 4 2 13 1 424 422 238 400
1586 4 2 13 1 434 321 390 319
1587 4 2 13 1 434 390 321 401
1588 4 2 13 1 129 308 40 135
1589 4 2 13 1 129 40 308 326
1590 4 2 13 1 436 289 287 291
1591 4 2 13 1 436 287 289 412
1592 4 2 13 1 269 175 400 157
1593 4 2 13 1 400 175 269 226
1594 4 2 13 1 410 262 249 408
1595 4 2 13 1 410 249 262 233
1596 4 2 13 1 286 153 407 134
1597 4 2 13 1 407 153 286 293
1598 4 2 13 1 225 157 48 269
1599 4 2 13 1 48 157 225 171
1600 4 2 13 1 304 164 69 188
1601 4 2 13 1 304 69 164 348
1602 4 2 13 1 290 413 419 311
1603 4 2 13 1 419 337 290 311
1604 4 2 13 1 290 337 419 283
1605 4 2 13 1 340 150 413 137
1606 4 2 13 1 413 150 340 351
1607 4 2 13 1 283 436 287 291
1608 4 2 13 1 287 436 283 419
1609 4 2 13 1 363 278 408 373
1610 4 2 13 1 363 408 278 262
1611 4 2 13 1 419 315 380 405
1612 4 2 13 1 419 380 315 356
1613 4 2 13 1 314 380 315 405
1614 4 2 13 1 314 315 380 356
1615 4 2 13 1 200 162 309 419
1616 4 2 13 1 405 162 309 347
1617 4 2 13 1 405 309 162 419
1618 4 2 13 1 120 399 133 391
1619 4 2 13 1 120 133 399 149
1620 4 2 13 1 419 290 287 413
1621 4 2 13 1 287 290 419 283
1622 4 2 13 1 162 309 64 200
1623 4 2 13 1 162 64 309 347
$EndElements
