$MeshFormat
2.2 0 8
$EndMeshFormat
$PhysicalNames
3
2 13 "clamp"
2 14 "load"
3 1 "Cube_Volume"
$EndPhysicalNames
$Nodes
235
1 0 0 5
2 0 0 0
3 0 5 5
4 0 5 0
5 5 0 5
6 5 0 0
7 5 5 5
8 5 5 0
9 0 0 1
10 0 0 2
11 0 0 3
12 0 0 4
13 0 1 5
14 0 2 5
15 0 3 5
16 0 4 5
17 0 5 1
18 0 5 2
19 0 5 3
20 0 5 4
21 0 1 0
22 0 2 0
23 0 3 0
24 0 4 0
25 5 0 1
26 5 0 2
27 5 0 3
28 5 0 4
29 5 1 5
30 5 2 5
31 5 3 5
32 5 4 5
33 5 5 1
34 5 5 2
35 5 5 3
36 5 5 4
37 5 1 0
38 5 2 0
39 5 3 0
40 5 4 0
41 1 0 0
42 2 0 0
43 3 0 0
44 4 0 0
45 1 0 5
46 2 0 5
47 3 0 5
48 4 0 5
49 1 5 0
50 2 5 0
51 3 5 0
52 4 5 0
53 1 5 5
54 2 5 5
55 3 5 5
56 4 5 5
57 0 4.338119784648299 2.530407742065421
58 0 0.8660254037844386 2.5
59 0 2.556674571293667 0.8185330602412858
60 0 2.556674571293667 4.181466939758714
61 0 0.8467720450558318 1.504237369280876
62 0 1.64716198258741 1.982244292230488
63 0 1.636222738211934 3.015502651354739
64 0 2.598076211353316 2.499999999999999
65 0 0.8481155325734534 3.497645885547445
66 0 3.499432116976144 0.8469107173838683
67 0 3.499432116976144 4.153089282616133
68 0 4.067360928262858 3.421077193411223
69 0 1.581952675513018 0.9412258104503012
70 0 1.571569353839583 4.088311474745034
71 0 4.137576786939674 1.570386569529884
72 0 3.06309642562596 3.392692830380432
73 0 3.053427906241974 1.656387044983293
74 0 3.41207850754179 2.615539990974387
75 0 4.267949192431124 4.267949192431124
76 0 0.7320508075688774 4.267949192431122
77 0 0.7320508075688776 0.7320508075688774
78 0 4.267949192431122 0.7320508075688776
79 0 2.291009322085341 1.551515143830581
80 0 2.291009322085342 3.448484856169419
81 5 2.556674571293667 4.181466939758714
82 5 2.556674571293667 0.8185330602412858
83 5 4.338119784648299 2.530407742065421
84 5 0.8660254037844386 2.5
85 5 0.8467720450558318 1.504237369280876
86 5 1.64716198258741 1.982244292230488
87 5 1.636222738211934 3.015502651354739
88 5 2.598076211353316 2.499999999999999
89 5 0.8481155325734534 3.497645885547445
90 5 3.499432116976144 0.8469107173838683
91 5 3.499432116976144 4.153089282616133
92 5 4.067360928262858 3.421077193411223
93 5 1.581952675513018 0.9412258104503012
94 5 1.571569353839583 4.088311474745034
95 5 4.137576786939674 1.570386569529884
96 5 3.06309642562596 3.392692830380432
97 5 3.053427906241974 1.656387044983293
98 5 3.41207850754179 2.615539990974387
99 5 4.267949192431124 4.267949192431124
100 5 0.7320508075688774 4.267949192431122
101 5 0.7320508075688776 0.7320508075688774
102 5 4.267949192431122 0.7320508075688776
103 5 2.291009322085341 1.551515143830581
104 5 2.291009322085342 3.448484856169419
105 2.540166509861514 0 4.181505525181567
106 2.556674571293667 0 0.8185330602412859
107 0.8613067098656106 0 2.491826982387224
108 4.332457351945705 0 2.54025992172507
109 0.8464854382823366 0 1.503740951787389
110 1.646327765805356 0 1.980799386379444
111 1.622340012567547 0 3.001052330063196
112 2.598076211353315 0 2.500000000000001
113 3.499432116976144 0 0.8469107173838683
114 4.059544979888688 0 3.423825435843588
115 1.553355787589688 0 4.07401519719147
116 3.470165505392091 0 4.191284410818625
117 4.127398002285677 0 1.579450474660993
118 0.7948422195986202 0 3.472473950345503
119 1.581792557862225 0 0.9409484785439396
120 3.073102604629763 0 1.658111816510903
121 3.054099126398262 0 3.399604665977679
122 3.411515384252419 0 2.617019385819807
123 0.7320508075688765 0 4.267949192431124
124 4.267949192431124 0 4.267949192431124
125 0.7320508075688775 0 0.7320508075688775
126 4.267949192431122 0 0.7320508075688774
127 2.29100932208534 0 1.551515143830581
128 2.29061614810953 0 3.448751121073604
129 2.540166509861514 5 4.181505525181567
130 2.556674571293667 5 0.8185330602412859
131 0.8613067098656106 5 2.491826982387224
132 4.332457351945705 5 2.54025992172507
133 0.8464854382823366 5 1.503740951787389
134 1.646327765805356 5 1.980799386379444
135 1.622340012567547 5 3.001052330063196
136 2.598076211353315 5 2.500000000000001
137 3.499432116976144 5 0.8469107173838683
138 4.059544979888688 5 3.423825435843588
139 1.553355787589688 5 4.07401519719147
140 3.470165505392091 5 4.191284410818625
141 4.127398002285677 5 1.579450474660993
142 0.7948422195986202 5 3.472473950345503
143 1.581792557862225 5 0.9409484785439396
144 3.073102604629763 5 1.658111816510903
145 3.054099126398262 5 3.399604665977679
146 3.411515384252419 5 2.617019385819807
147 0.7320508075688765 5 4.267949192431124
148 4.267949192431124 5 4.267949192431124
149 0.7320508075688775 5 0.7320508075688775
150 4.267949192431122 5 0.7320508075688774
151 2.29100932208534 5 1.551515143830581
152 2.29061614810953 5 3.448751121073604
153 4.332457351945705 2.540259921725069 0
154 0.8660254037844386 2.5 0
155 2.556674571293667 0.8185330602412858 0
156 2.54833952747429 4.186224219100394 0
157 0.8467720450558318 1.504237369280876 0
158 1.64716198258741 1.982244292230488 0
159 1.636157209215965 3.01554702883877 0
160 2.598076211353316 2.499999999999999 0
161 0.8481126896175684 3.497647810851312 0
162 3.499432116976144 0.8469107173838683 0
163 4.059544979888688 3.423825435843588 0
164 1.581952675513018 0.9412258104503012 0
165 3.471138483679325 4.191846160094676 0
166 1.570671742640905 4.088828806075008 0
167 4.127398002285678 1.579450474660993 0
168 3.073102604629764 1.658111816510903 0
169 3.055623459048264 3.400484739843491 0
170 3.411581516968389 2.617057567561172 0
171 4.267949192431124 4.267949192431124 0
172 0.7320508075688774 4.267949192431122 0
173 0.7320508075688776 0.7320508075688774 0
174 4.267949192431122 0.7320508075688776 0
175 2.291009322085341 1.551515143830581 0
176 2.29061614810953 3.448751121073603 0
177 4.332457351945705 2.540259921725069 5
178 0.8660254037844386 2.5 5
179 2.556674571293667 0.8185330602412858 5
180 2.54833952747429 4.186224219100394 5
181 0.8467720450558318 1.504237369280876 5
182 1.64716198258741 1.982244292230488 5
183 1.636157209215965 3.01554702883877 5
184 2.598076211353316 2.499999999999999 5
185 0.8481126896175684 3.497647810851312 5
186 3.499432116976144 0.8469107173838683 5
187 4.059544979888688 3.423825435843588 5
188 1.581952675513018 0.9412258104503012 5
189 3.471138483679325 4.191846160094676 5
190 1.570671742640905 4.088828806075008 5
191 4.127398002285678 1.579450474660993 5
192 3.073102604629764 1.658111816510903 5
193 3.055623459048264 3.400484739843491 5
194 3.411581516968389 2.617057567561172 5
195 4.267949192431124 4.267949192431124 5
196 0.7320508075688774 4.267949192431122 5
197 0.7320508075688776 0.7320508075688774 5
198 4.267949192431122 0.7320508075688776 5
199 2.291009322085341 1.551515143830581 5
200 2.29061614810953 3.448751121073603 5
201 2.5 2.5 2.5
202 3.430280617725992 3.431880985937258 3.43150590222984
203 3.43923915479965 1.569072419814384 3.428637527615076
204 3.433416803737382 3.429754253361101 1.568425077085884
205 1.790627659057183 1.50012344065348 3.500012132764989
206 1.884025725758708 3.505584327668091 3.505584327668092
207 1.791422881399647 1.49997696252651 1.49997696252651
208 1.791485692419591 3.50006407534298 1.500071289552932
209 3.383951603736139 1.561304264009528 1.561304264009529
210 1.234193217908264 2.146117206877026 2.499725832384221
211 1.168304679082774 2.53325428666016 3.775320008392478
212 3.757880356410499 2.348164817909891 2.481460971202125
213 2.654514044546686 2.496238121066028 3.745862127810678
214 2.633213348936873 2.51724640338819 1.253302235579483
215 2.651848110954763 3.745966713677244 2.498292741609333
216 1.164226405892165 2.500055079879202 1.18486443322702
217 2.635431807094012 1.253389266767922 2.519248451302422
218 3.920457325424481 3.917430902560542 2.500232505009516
219 3.869757378730216 2.485246599735671 1.060084840948364
220 1.174444021389998 3.800957244197253 2.532614259726251
221 3.874717580613106 2.501800725076014 3.944292351177643
222 1.400341084397539 1.01192265169954 2.461397515732726
223 3.94244992715012 1.241164016440215 2.480601432684602
224 0.999664062200418 3.914376424702296 4.000996097863669
225 2.653748004775206 3.953154885327262 1.044473423207644
226 2.656479774628553 1.045918475238514 3.95189137805191
227 2.625760760506632 1.036299843238989 1.036299843238989
228 2.70564825361575 3.976255252179086 3.975840539731922
229 0.9700306718403244 3.909911539737891 0.9693378615921655
230 0.969133762767397 0.9693341696901583 1.0914135536088
231 0.9751186500976551 0.9535408147386998 3.886920064168319
232 3.883800718238727 4.076612600480642 4.076195383161587
233 3.905758330049057 0.9371335452956581 0.937133545295658
234 3.885387880160355 4.064008065406539 0.917661887572892
235 3.884919134133145 0.9167620421330648 4.064557001924142
$EndNodes
$Elements
865
1 2 2 13 3 1 12 123
2 2 2 13 3 45 1 123
3 2 2 13 3 9 2 125
4 2 2 13 3 2 41 125
5 2 2 13 3 28 5 124
6 2 2 13 3 5 48 124
7 2 2 13 3 6 25 126
8 2 2 13 3 44 6 126
9 2 2 13 3 10 9 109
10 2 2 13 3 109 9 125
11 2 2 13 3 11 10 107
12 2 2 13 3 107 10 109
13 2 2 13 3 12 11 118
14 2 2 13 3 11 107 118
15 2 2 13 3 12 118 123
16 2 2 13 3 25 26 117
17 2 2 13 3 25 117 126
18 2 2 13 3 26 27 108
19 2 2 13 3 26 108 117
20 2 2 13 3 27 28 114
21 2 2 13 3 108 27 114
22 2 2 13 3 114 28 124
23 2 2 13 3 41 42 119
24 2 2 13 3 41 119 125
25 2 2 13 3 42 43 106
26 2 2 13 3 42 106 119
27 2 2 13 3 43 44 113
28 2 2 13 3 106 43 113
29 2 2 13 3 113 44 126
30 2 2 13 3 46 45 115
31 2 2 13 3 115 45 123
32 2 2 13 3 47 46 105
33 2 2 13 3 105 46 115
34 2 2 13 3 48 47 116
35 2 2 13 3 47 105 116
36 2 2 13 3 48 116 124
37 2 2 13 3 105 115 128
38 2 2 13 3 116 105 121
39 2 2 13 3 121 105 128
40 2 2 13 3 106 113 120
41 2 2 13 3 119 106 127
42 2 2 13 3 106 120 127
43 2 2 13 3 107 109 110
44 2 2 13 3 107 110 111
45 2 2 13 3 107 111 118
46 2 2 13 3 108 114 122
47 2 2 13 3 117 108 122
48 2 2 13 3 110 109 119
49 2 2 13 3 119 109 125
50 2 2 13 3 111 110 112
51 2 2 13 3 112 110 127
52 2 2 13 3 110 119 127
53 2 2 13 3 111 112 128
54 2 2 13 3 111 115 118
55 2 2 13 3 115 111 128
56 2 2 13 3 112 120 122
57 2 2 13 3 120 112 127
58 2 2 13 3 121 112 122
59 2 2 13 3 112 121 128
60 2 2 13 3 113 117 120
61 2 2 13 3 117 113 126
62 2 2 13 3 114 116 121
63 2 2 13 3 116 114 124
64 2 2 13 3 114 121 122
65 2 2 13 3 118 115 123
66 2 2 13 3 120 117 122
67 2 2 14 4 3 147 20
68 2 2 14 4 53 147 3
69 2 2 14 4 17 149 4
70 2 2 14 4 4 149 49
71 2 2 14 4 36 148 7
72 2 2 14 4 7 148 56
73 2 2 14 4 8 150 33
74 2 2 14 4 52 150 8
75 2 2 14 4 18 133 17
76 2 2 14 4 133 149 17
77 2 2 14 4 19 131 18
78 2 2 14 4 131 133 18
79 2 2 14 4 20 142 19
80 2 2 14 4 19 142 131
81 2 2 14 4 20 147 142
82 2 2 14 4 33 141 34
83 2 2 14 4 33 150 141
84 2 2 14 4 34 132 35
85 2 2 14 4 34 141 132
86 2 2 14 4 35 138 36
87 2 2 14 4 132 138 35
88 2 2 14 4 138 148 36
89 2 2 14 4 49 143 50
90 2 2 14 4 49 149 143
91 2 2 14 4 50 130 51
92 2 2 14 4 50 143 130
93 2 2 14 4 51 137 52
94 2 2 14 4 130 137 51
95 2 2 14 4 137 150 52
96 2 2 14 4 54 139 53
97 2 2 14 4 139 147 53
98 2 2 14 4 55 129 54
99 2 2 14 4 129 139 54
100 2 2 14 4 56 140 55
101 2 2 14 4 55 140 129
102 2 2 14 4 56 148 140
103 2 2 14 4 129 152 139
104 2 2 14 4 140 145 129
105 2 2 14 4 145 152 129
106 2 2 14 4 130 144 137
107 2 2 14 4 143 151 130
108 2 2 14 4 130 151 144
109 2 2 14 4 131 134 133
110 2 2 14 4 131 135 134
111 2 2 14 4 131 142 135
112 2 2 14 4 132 146 138
113 2 2 14 4 141 146 132
114 2 2 14 4 134 143 133
115 2 2 14 4 143 149 133
116 2 2 14 4 135 136 134
117 2 2 14 4 136 151 134
118 2 2 14 4 134 151 143
119 2 2 14 4 135 152 136
120 2 2 14 4 135 142 139
121 2 2 14 4 139 152 135
122 2 2 14 4 136 146 144
123 2 2 14 4 144 151 136
124 2 2 14 4 145 146 136
125 2 2 14 4 136 152 145
126 2 2 14 4 137 144 141
127 2 2 14 4 141 150 137
128 2 2 14 4 138 145 140
129 2 2 14 4 140 148 138
130 2 2 14 4 138 146 145
131 2 2 14 4 142 147 139
132 2 2 14 4 144 146 141
133 4 2 1 1 73 210 216 220
134 4 2 1 1 206 201 210 220
135 4 2 1 1 208 210 201 220
136 4 2 1 1 208 216 210 220
137 4 2 1 1 201 210 208 216
138 4 2 1 1 210 211 206 220
139 4 2 1 1 201 214 207 216
140 4 2 1 1 201 208 214 216
141 4 2 1 1 201 207 210 216
142 4 2 1 1 73 216 208 220
143 4 2 1 1 211 220 72 224
144 4 2 1 1 206 210 201 211
145 4 2 1 1 201 215 208 220
146 4 2 1 1 201 206 215 220
147 4 2 1 1 205 201 211 213
148 4 2 1 1 73 64 210 220
149 4 2 1 1 205 201 210 211
150 4 2 1 1 206 211 201 213
151 4 2 1 1 62 210 207 216
152 4 2 1 1 205 210 63 211
153 4 2 1 1 205 211 63 231
154 4 2 1 1 62 216 207 230
155 4 2 1 1 202 212 96 221
156 4 2 1 1 206 220 211 224
157 4 2 1 1 73 220 208 229
158 4 2 1 1 204 212 97 218
159 4 2 1 1 63 210 205 222
160 4 2 1 1 63 222 205 231
161 4 2 1 1 207 210 62 222
162 4 2 1 1 212 215 202 218
163 4 2 1 1 207 222 62 230
164 4 2 1 1 204 215 212 218
165 4 2 1 1 103 209 212 219
166 4 2 1 1 208 216 73 229
167 4 2 1 1 201 202 212 215
168 4 2 1 1 127 217 207 222
169 4 2 1 1 201 212 204 215
170 4 2 1 1 209 214 207 217
171 4 2 1 1 201 207 214 217
172 4 2 1 1 145 202 215 218
173 4 2 1 1 120 209 217 223
174 4 2 1 1 65 118 58 222
175 4 2 1 1 104 212 203 221
176 4 2 1 1 65 118 222 231
177 4 2 1 1 182 205 211 213
178 4 2 1 1 201 214 209 217
179 4 2 1 1 97 212 204 219
180 4 2 1 1 103 209 86 212
181 4 2 1 1 63 211 80 231
182 4 2 1 1 74 72 64 220
183 4 2 1 1 169 204 214 219
184 4 2 1 1 134 208 215 220
185 4 2 1 1 193 213 202 221
186 4 2 1 1 107 58 118 222
187 4 2 1 1 183 211 206 213
188 4 2 1 1 207 214 158 216
189 4 2 1 1 182 181 211 231
190 4 2 1 1 70 80 211 231
191 4 2 1 1 93 209 103 219
192 4 2 1 1 208 214 204 215
193 4 2 1 1 182 211 205 231
194 4 2 1 1 205 213 203 217
195 4 2 1 1 199 205 182 213
196 4 2 1 1 158 207 175 214
197 4 2 1 1 104 96 212 221
198 4 2 1 1 134 208 151 215
199 4 2 1 1 206 135 215 220
200 4 2 1 1 201 214 208 215
201 4 2 1 1 202 213 206 215
202 4 2 1 1 206 213 201 215
203 4 2 1 1 62 79 216 230
204 4 2 1 1 201 213 205 217
205 4 2 1 1 127 207 217 227
206 4 2 1 1 202 201 212 213
207 4 2 1 1 159 214 208 216
208 4 2 1 1 202 201 213 215
209 4 2 1 1 207 175 214 227
210 4 2 1 1 109 61 107 222
211 4 2 1 1 135 152 206 215
212 4 2 1 1 199 205 213 226
213 4 2 1 1 151 215 208 225
214 4 2 1 1 183 206 200 213
215 4 2 1 1 128 111 205 217
216 4 2 1 1 69 216 79 230
217 4 2 1 1 159 176 208 214
218 4 2 1 1 104 87 203 212
219 4 2 1 1 144 215 204 218
220 4 2 1 1 58 107 61 222
221 4 2 1 1 202 213 212 221
222 4 2 1 1 201 204 212 214
223 4 2 1 1 182 211 183 213
224 4 2 1 1 111 205 217 222
225 4 2 1 1 133 134 220 229
226 4 2 1 1 208 220 134 229
227 4 2 1 1 203 221 192 235
228 4 2 1 1 201 204 214 215
229 4 2 1 1 109 61 222 230
230 4 2 1 1 110 217 127 222
231 4 2 1 1 63 65 222 231
232 4 2 1 1 201 203 213 217
233 4 2 1 1 176 208 214 225
234 4 2 1 1 128 217 205 226
235 4 2 1 1 110 127 207 222
236 4 2 1 1 94 104 203 221
237 4 2 1 1 181 70 211 231
238 4 2 1 1 73 210 79 216
239 4 2 1 1 134 215 135 220
240 4 2 1 1 200 213 206 228
241 4 2 1 1 201 210 207 217
242 4 2 1 1 203 213 192 221
243 4 2 1 1 212 214 204 219
244 4 2 1 1 193 202 213 228
245 4 2 1 1 202 145 215 228
246 4 2 1 1 152 206 215 228
247 4 2 1 1 139 224 206 228
248 4 2 1 1 168 214 209 219
249 4 2 1 1 93 86 103 209
250 4 2 1 1 63 65 58 222
251 4 2 1 1 121 203 217 226
252 4 2 1 1 169 214 204 225
253 4 2 1 1 207 216 158 230
254 4 2 1 1 168 219 209 233
255 4 2 1 1 201 205 210 217
256 4 2 1 1 159 158 214 216
257 4 2 1 1 206 224 190 228
258 4 2 1 1 86 223 209 233
259 4 2 1 1 212 213 203 221
260 4 2 1 1 92 96 202 218
261 4 2 1 1 157 158 216 230
262 4 2 1 1 145 138 202 218
263 4 2 1 1 86 85 223 233
264 4 2 1 1 61 62 222 230
265 4 2 1 1 70 63 80 231
266 4 2 1 1 60 67 185 211
267 4 2 1 1 169 163 204 219
268 4 2 1 1 80 210 64 211
269 4 2 1 1 62 69 79 230
270 4 2 1 1 139 190 224 228
271 4 2 1 1 72 80 64 211
272 4 2 1 1 203 212 201 213
273 4 2 1 1 66 59 161 216
274 4 2 1 1 193 202 187 221
275 4 2 1 1 209 214 212 219
276 4 2 1 1 86 212 209 223
277 4 2 1 1 68 72 220 224
278 4 2 1 1 120 217 209 227
279 4 2 1 1 168 209 214 227
280 4 2 1 1 79 210 62 216
281 4 2 1 1 80 63 210 211
282 4 2 1 1 201 212 209 214
283 4 2 1 1 114 203 121 235
284 4 2 1 1 67 185 211 224
285 4 2 1 1 169 204 163 234
286 4 2 1 1 144 204 215 225
287 4 2 1 1 192 213 203 226
288 4 2 1 1 193 213 200 228
289 4 2 1 1 66 216 161 229
290 4 2 1 1 104 87 94 203
291 4 2 1 1 98 97 212 218
292 4 2 1 1 152 215 145 228
293 4 2 1 1 89 223 114 235
294 4 2 1 1 205 226 188 231
295 4 2 1 1 145 202 138 232
296 4 2 1 1 187 202 193 232
297 4 2 1 1 93 86 209 233
298 4 2 1 1 135 220 206 224
299 4 2 1 1 208 225 166 229
300 4 2 1 1 143 225 208 229
301 4 2 1 1 178 60 185 211
302 4 2 1 1 178 181 70 211
303 4 2 1 1 115 226 205 231
304 4 2 1 1 97 103 212 219
305 4 2 1 1 209 219 93 233
306 4 2 1 1 58 61 62 222
307 4 2 1 1 207 217 210 222
308 4 2 1 1 92 202 96 232
309 4 2 1 1 204 219 163 234
310 4 2 1 1 154 161 59 216
311 4 2 1 1 114 223 203 235
312 4 2 1 1 73 64 79 210
313 4 2 1 1 120 127 217 227
314 4 2 1 1 210 217 205 222
315 4 2 1 1 187 221 202 232
316 4 2 1 1 168 214 175 227
317 4 2 1 1 115 188 226 231
318 4 2 1 1 169 176 214 225
319 4 2 1 1 94 221 203 235
320 4 2 1 1 143 166 225 229
321 4 2 1 1 87 94 203 235
322 4 2 1 1 121 217 128 226
323 4 2 1 1 135 142 220 224
324 4 2 1 1 157 216 69 230
325 4 2 1 1 122 121 203 217
326 4 2 1 1 203 201 212 217
327 4 2 1 1 89 84 108 223
328 4 2 1 1 203 213 205 226
329 4 2 1 1 182 183 184 213
330 4 2 1 1 202 218 138 232
331 4 2 1 1 145 215 146 218
332 4 2 1 1 70 60 178 211
333 4 2 1 1 120 117 209 223
334 4 2 1 1 205 217 203 226
335 4 2 1 1 87 203 212 223
336 4 2 1 1 131 142 57 220
337 4 2 1 1 209 212 201 217
338 4 2 1 1 208 215 204 225
339 4 2 1 1 90 163 219 234
340 4 2 1 1 203 122 217 223
341 4 2 1 1 144 215 151 225
342 4 2 1 1 135 134 136 215
343 4 2 1 1 199 213 192 226
344 4 2 1 1 204 214 208 225
345 4 2 1 1 164 227 207 230
346 4 2 1 1 117 209 223 233
347 4 2 1 1 91 221 187 232
348 4 2 1 1 68 220 142 224
349 4 2 1 1 104 96 88 212
350 4 2 1 1 92 218 202 232
351 4 2 1 1 120 217 122 223
352 4 2 1 1 159 158 160 214
353 4 2 1 1 141 218 204 234
354 4 2 1 1 183 206 211 224
355 4 2 1 1 180 190 129 228
356 4 2 1 1 152 139 206 228
357 4 2 1 1 115 128 205 226
358 4 2 1 1 176 166 208 225
359 4 2 1 1 200 206 190 228
360 4 2 1 1 120 209 117 233
361 4 2 1 1 157 154 69 216
362 4 2 1 1 114 122 203 223
363 4 2 1 1 89 108 114 223
364 4 2 1 1 73 71 220 229
365 4 2 1 1 207 227 119 230
366 4 2 1 1 121 114 122 203
367 4 2 1 1 169 214 170 219
368 4 2 1 1 57 142 68 220
369 4 2 1 1 164 119 227 230
370 4 2 1 1 144 204 141 218
371 4 2 1 1 63 62 210 222
372 4 2 1 1 159 216 208 229
373 4 2 1 1 73 74 64 220
374 4 2 1 1 135 206 139 224
375 4 2 1 1 141 204 144 234
376 4 2 1 1 87 89 94 235
377 4 2 1 1 71 133 220 229
378 4 2 1 1 193 194 213 221
379 4 2 1 1 69 154 59 216
380 4 2 1 1 95 204 97 218
381 4 2 1 1 188 182 205 231
382 4 2 1 1 183 200 184 213
383 4 2 1 1 209 217 207 227
384 4 2 1 1 191 192 221 235
385 4 2 1 1 130 143 156 225
386 4 2 1 1 207 214 209 227
387 4 2 1 1 135 136 152 215
388 4 2 1 1 92 96 91 232
389 4 2 1 1 190 200 183 206
390 4 2 1 1 183 190 206 224
391 4 2 1 1 63 58 62 222
392 4 2 1 1 98 97 88 212
393 4 2 1 1 135 152 139 206
394 4 2 1 1 188 205 199 226
395 4 2 1 1 151 208 143 225
396 4 2 1 1 199 182 184 213
397 4 2 1 1 158 164 207 230
398 4 2 1 1 159 176 166 208
399 4 2 1 1 188 179 105 226
400 4 2 1 1 143 208 134 229
401 4 2 1 1 160 158 175 214
402 4 2 1 1 110 112 127 217
403 4 2 1 1 115 128 111 205
404 4 2 1 1 134 151 136 215
405 4 2 1 1 190 139 129 228
406 4 2 1 1 119 207 127 227
407 4 2 1 1 98 88 96 212
408 4 2 1 1 175 207 164 227
409 4 2 1 1 159 208 166 229
410 4 2 1 1 72 67 211 224
411 4 2 1 1 111 115 205 231
412 4 2 1 1 119 106 155 227
413 4 2 1 1 168 167 219 233
414 4 2 1 1 203 226 121 235
415 4 2 1 1 183 211 185 224
416 4 2 1 1 145 228 202 232
417 4 2 1 1 128 112 111 217
418 4 2 1 1 202 228 193 232
419 4 2 1 1 169 225 204 234
420 4 2 1 1 66 73 216 229
421 4 2 1 1 159 160 176 214
422 4 2 1 1 95 97 204 234
423 4 2 1 1 95 204 218 234
424 4 2 1 1 159 161 216 229
425 4 2 1 1 92 138 218 232
426 4 2 1 1 93 85 86 233
427 4 2 1 1 175 158 164 207
428 4 2 1 1 188 182 199 205
429 4 2 1 1 110 127 119 207
430 4 2 1 1 143 151 134 208
431 4 2 1 1 192 226 203 235
432 4 2 1 1 117 223 85 233
433 4 2 1 1 193 184 200 213
434 4 2 1 1 204 225 144 234
435 4 2 1 1 203 217 212 223
436 4 2 1 1 212 217 209 223
437 4 2 1 1 107 10 61 109
438 4 2 1 1 205 222 111 231
439 4 2 1 1 152 136 145 215
440 4 2 1 1 115 188 105 226
441 4 2 1 1 131 71 133 220
442 4 2 1 1 110 207 119 230
443 4 2 1 1 143 166 156 225
444 4 2 1 1 58 10 61 107
445 4 2 1 1 120 227 209 233
446 4 2 1 1 168 209 227 233
447 4 2 1 1 112 217 110 222
448 4 2 1 1 110 222 207 230
449 4 2 1 1 146 215 144 218
450 4 2 1 1 178 182 181 211
451 4 2 1 1 206 213 202 228
452 4 2 1 1 202 215 206 228
453 4 2 1 1 169 176 160 214
454 4 2 1 1 111 217 112 222
455 4 2 1 1 94 177 81 221
456 4 2 1 1 121 112 128 217
457 4 2 1 1 168 160 175 214
458 4 2 1 1 131 57 71 220
459 4 2 1 1 120 127 112 217
460 4 2 1 1 188 181 182 231
461 4 2 1 1 97 103 88 212
462 4 2 1 1 118 111 222 231
463 4 2 1 1 131 133 134 220
464 4 2 1 1 153 93 82 219
465 4 2 1 1 132 83 92 218
466 4 2 1 1 199 184 192 213
467 4 2 1 1 144 136 151 215
468 4 2 1 1 168 170 214 219
469 4 2 1 1 155 119 42 106
470 4 2 1 1 107 58 11 118
471 4 2 1 1 155 164 119 227
472 4 2 1 1 118 58 11 65
473 4 2 1 1 106 113 162 227
474 4 2 1 1 130 143 50 156
475 4 2 1 1 194 192 213 221
476 4 2 1 1 106 162 155 227
477 4 2 1 1 180 190 54 129
478 4 2 1 1 191 221 94 235
479 4 2 1 1 145 146 138 218
480 4 2 1 1 158 157 164 230
481 4 2 1 1 143 134 133 229
482 4 2 1 1 117 84 85 223
483 4 2 1 1 46 188 179 105
484 4 2 1 1 60 72 67 211
485 4 2 1 1 43 113 162 106
486 4 2 1 1 181 14 178 70
487 4 2 1 1 60 178 14 70
488 4 2 1 1 162 155 43 106
489 4 2 1 1 117 108 84 223
490 4 2 1 1 95 90 97 234
491 4 2 1 1 109 222 110 230
492 4 2 1 1 92 98 96 218
493 4 2 1 1 137 130 165 225
494 4 2 1 1 179 186 116 226
495 4 2 1 1 183 178 185 211
496 4 2 1 1 23 66 59 161
497 4 2 1 1 60 15 185 67
498 4 2 1 1 161 59 23 154
499 4 2 1 1 185 178 15 60
500 4 2 1 1 22 69 157 154
501 4 2 1 1 157 158 154 216
502 4 2 1 1 69 22 59 154
503 4 2 1 1 66 73 59 216
504 4 2 1 1 130 156 165 225
505 4 2 1 1 169 170 163 219
506 4 2 1 1 74 68 72 220
507 4 2 1 1 154 159 161 216
508 4 2 1 1 87 212 86 223
509 4 2 1 1 116 105 179 226
510 4 2 1 1 135 142 131 220
511 4 2 1 1 132 92 138 218
512 4 2 1 1 166 50 143 156
513 4 2 1 1 167 93 219 233
514 4 2 1 1 91 96 81 221
515 4 2 1 1 139 54 190 129
516 4 2 1 1 142 135 139 224
517 4 2 1 1 164 119 42 155
518 4 2 1 1 188 46 115 105
519 4 2 1 1 82 97 90 219
520 4 2 1 1 113 162 227 233
521 4 2 1 1 194 193 187 221
522 4 2 1 1 120 113 227 233
523 4 2 1 1 168 227 162 233
524 4 2 1 1 152 129 139 228
525 4 2 1 1 104 88 87 212
526 4 2 1 1 189 55 140 228
527 4 2 1 1 137 130 51 165
528 4 2 1 1 156 51 130 165
529 4 2 1 1 179 186 47 116
530 4 2 1 1 105 179 47 116
531 4 2 1 1 81 94 30 177
532 4 2 1 1 180 200 190 228
533 4 2 1 1 189 180 55 228
534 4 2 1 1 107 118 111 222
535 4 2 1 1 120 122 117 223
536 4 2 1 1 137 225 165 234
537 4 2 1 1 186 116 226 235
538 4 2 1 1 137 144 225 234
539 4 2 1 1 129 140 55 228
540 4 2 1 1 38 82 153 93
541 4 2 1 1 70 80 60 211
542 4 2 1 1 186 226 192 235
543 4 2 1 1 103 86 88 212
544 4 2 1 1 132 141 83 218
545 4 2 1 1 87 88 86 212
546 4 2 1 1 169 165 225 234
547 4 2 1 1 116 121 226 235
548 4 2 1 1 90 82 153 39
549 4 2 1 1 31 91 81 177
550 4 2 1 1 129 55 180 228
551 4 2 1 1 79 64 62 210
552 4 2 1 1 80 63 64 210
553 4 2 1 1 191 177 94 221
554 4 2 1 1 115 105 128 226
555 4 2 1 1 95 218 141 234
556 4 2 1 1 89 27 108 84
557 4 2 1 1 176 156 166 225
558 4 2 1 1 167 93 153 219
559 4 2 1 1 145 140 228 232
560 4 2 1 1 189 193 228 232
561 4 2 1 1 160 168 170 214
562 4 2 1 1 120 112 122 217
563 4 2 1 1 89 87 84 223
564 4 2 1 1 26 117 108 84
565 4 2 1 1 184 193 194 213
566 4 2 1 1 84 26 117 85
567 4 2 1 1 184 194 192 213
568 4 2 1 1 146 136 144 215
569 4 2 1 1 153 163 90 39
570 4 2 1 1 91 31 187 177
571 4 2 1 1 169 160 170 214
572 4 2 1 1 145 136 146 215
573 4 2 1 1 188 199 179 226
574 4 2 1 1 140 189 228 232
575 4 2 1 1 35 83 92 132
576 4 2 1 1 122 112 121 217
577 4 2 1 1 130 151 143 225
578 4 2 1 1 18 71 131 57
579 4 2 1 1 73 71 74 220
580 4 2 1 1 114 27 108 89
581 4 2 1 1 79 69 59 216
582 4 2 1 1 109 107 110 222
583 4 2 1 1 71 133 18 131
584 4 2 1 1 57 131 19 142
585 4 2 1 1 111 112 110 222
586 4 2 1 1 86 85 84 223
587 4 2 1 1 62 64 63 210
588 4 2 1 1 114 108 122 223
589 4 2 1 1 94 81 104 221
590 4 2 1 1 183 182 178 211
591 4 2 1 1 148 138 99 232
592 4 2 1 1 125 119 173 230
593 4 2 1 1 119 127 106 227
594 4 2 1 1 175 164 155 227
595 4 2 1 1 183 185 190 224
596 4 2 1 1 68 57 19 142
597 4 2 1 1 63 70 65 231
598 4 2 1 1 117 122 108 223
599 4 2 1 1 94 191 30 177
600 4 2 1 1 161 159 166 229
601 4 2 1 1 34 83 132 141
602 4 2 1 1 92 138 35 132
603 4 2 1 1 123 197 115 231
604 4 2 1 1 139 196 147 224
605 4 2 1 1 172 166 149 229
606 4 2 1 1 167 38 153 93
607 4 2 1 1 146 144 141 218
608 4 2 1 1 110 119 109 230
609 4 2 1 1 62 61 69 230
610 4 2 1 1 82 93 103 219
611 4 2 1 1 68 67 72 224
612 4 2 1 1 95 97 98 218
613 4 2 1 1 138 92 99 232
614 4 2 1 1 95 83 141 218
615 4 2 1 1 119 164 173 230
616 4 2 1 1 196 139 190 224
617 4 2 1 1 158 159 154 216
618 4 2 1 1 134 135 131 220
619 4 2 1 1 115 197 188 231
620 4 2 1 1 166 143 149 229
621 4 2 1 1 76 70 181 231
622 4 2 1 1 76 181 197 231
623 4 2 1 1 74 71 57 220
624 4 2 1 1 111 118 115 231
625 4 2 1 1 91 195 99 232
626 4 2 1 1 187 195 91 232
627 4 2 1 1 191 192 194 221
628 4 2 1 1 168 155 162 227
629 4 2 1 1 106 120 113 227
630 4 2 1 1 149 133 78 229
631 4 2 1 1 171 90 102 234
632 4 2 1 1 140 145 138 232
633 4 2 1 1 147 75 142 224
634 4 2 1 1 171 163 90 234
635 4 2 1 1 187 193 189 232
636 4 2 1 1 173 157 77 230
637 4 2 1 1 89 124 100 235
638 4 2 1 1 69 77 157 230
639 4 2 1 1 142 75 68 224
640 4 2 1 1 156 169 165 225
641 4 2 1 1 89 114 124 235
642 4 2 1 1 85 101 126 233
643 4 2 1 1 130 137 144 225
644 4 2 1 1 170 168 167 219
645 4 2 1 1 186 179 192 226
646 4 2 1 1 41 173 125 119
647 4 2 1 1 116 121 105 226
648 4 2 1 1 138 99 36 148
649 4 2 1 1 116 114 121 235
650 4 2 1 1 169 163 165 234
651 4 2 1 1 81 96 104 221
652 4 2 1 1 57 68 74 220
653 4 2 1 1 185 67 196 224
654 4 2 1 1 72 60 80 211
655 4 2 1 1 139 196 53 147
656 4 2 1 1 82 103 97 219
657 4 2 1 1 59 73 79 216
658 4 2 1 1 172 166 49 149
659 4 2 1 1 197 45 123 115
660 4 2 1 1 196 67 75 224
661 4 2 1 1 172 66 161 229
662 4 2 1 1 109 77 61 230
663 4 2 1 1 196 139 53 190
664 4 2 1 1 99 138 36 92
665 4 2 1 1 41 173 119 164
666 4 2 1 1 61 9 77 109
667 4 2 1 1 24 66 161 172
668 4 2 1 1 185 16 196 67
669 4 2 1 1 71 73 66 229
670 4 2 1 1 192 191 186 235
671 4 2 1 1 137 141 144 234
672 4 2 1 1 167 168 162 233
673 4 2 1 1 120 117 113 233
674 4 2 1 1 198 191 100 235
675 4 2 1 1 113 44 162 233
676 4 2 1 1 180 189 193 228
677 4 2 1 1 118 65 76 231
678 4 2 1 1 66 172 78 229
679 4 2 1 1 77 109 125 230
680 4 2 1 1 166 143 49 149
681 4 2 1 1 197 45 115 188
682 4 2 1 1 129 145 140 228
683 4 2 1 1 125 77 9 109
684 4 2 1 1 16 75 196 67
685 4 2 1 1 24 66 172 78
686 4 2 1 1 100 191 94 235
687 4 2 1 1 167 174 101 233
688 4 2 1 1 12 76 118 65
689 4 2 1 1 137 165 52 234
690 4 2 1 1 189 140 56 232
691 4 2 1 1 48 116 186 235
692 4 2 1 1 102 95 150 234
693 4 2 1 1 118 76 123 231
694 4 2 1 1 83 34 95 141
695 4 2 1 1 17 78 149 133
696 4 2 1 1 93 167 101 233
697 4 2 1 1 146 141 132 218
698 4 2 1 1 95 98 83 218
699 4 2 1 1 76 123 12 118
700 4 2 1 1 126 85 25 101
701 4 2 1 1 126 44 113 233
702 4 2 1 1 162 44 174 233
703 4 2 1 1 85 126 117 233
704 4 2 1 1 132 138 146 218
705 4 2 1 1 133 71 78 229
706 4 2 1 1 70 181 13 76
707 4 2 1 1 197 13 181 76
708 4 2 1 1 83 98 92 218
709 4 2 1 1 100 94 89 235
710 4 2 1 1 99 92 91 232
711 4 2 1 1 170 153 163 219
712 4 2 1 1 191 194 177 221
713 4 2 1 1 52 165 171 234
714 4 2 1 1 32 91 187 195
715 4 2 1 1 163 40 171 90
716 4 2 1 1 48 124 116 235
717 4 2 1 1 195 32 91 99
718 4 2 1 1 102 171 40 90
719 4 2 1 1 153 170 167 219
720 4 2 1 1 137 52 150 234
721 4 2 1 1 114 89 124 28
722 4 2 1 1 89 100 124 28
723 4 2 1 1 48 186 198 235
724 4 2 1 1 140 148 56 232
725 4 2 1 1 69 77 21 157
726 4 2 1 1 77 173 21 157
727 4 2 1 1 195 189 56 232
728 4 2 1 1 177 194 187 221
729 4 2 1 1 147 20 142 75
730 4 2 1 1 174 44 126 233
731 4 2 1 1 199 192 179 226
732 4 2 1 1 130 144 151 225
733 4 2 1 1 100 198 29 191
734 4 2 1 1 87 86 84 223
735 4 2 1 1 20 68 142 75
736 4 2 1 1 168 175 155 227
737 4 2 1 1 106 127 120 227
738 4 2 1 1 181 188 197 231
739 4 2 1 1 95 150 33 102
740 4 2 1 1 156 176 169 225
741 4 2 1 1 37 101 167 174
742 4 2 1 1 94 100 29 191
743 4 2 1 1 128 105 121 226
744 4 2 1 1 85 93 101 233
745 4 2 1 1 142 139 147 224
746 4 2 1 1 52 171 150 234
747 4 2 1 1 180 193 200 228
748 4 2 1 1 48 198 124 235
749 4 2 1 1 129 152 145 228
750 4 2 1 1 143 133 149 229
751 4 2 1 1 195 56 148 232
752 4 2 1 1 95 141 150 234
753 4 2 1 1 164 157 173 230
754 4 2 1 1 167 93 101 37
755 4 2 1 1 58 11 10 107
756 4 2 1 1 17 78 133 71
757 4 2 1 1 85 25 117 126
758 4 2 1 1 196 75 147 224
759 4 2 1 1 102 90 95 234
760 4 2 1 1 162 113 43 44
761 4 2 1 1 119 42 41 164
762 4 2 1 1 92 138 36 35
763 4 2 1 1 197 123 76 231
764 4 2 1 1 46 115 45 188
765 4 2 1 1 53 139 54 190
766 4 2 1 1 23 24 66 161
767 4 2 1 1 185 15 16 67
768 4 2 1 1 10 9 61 109
769 4 2 1 1 173 77 125 230
770 4 2 1 1 172 149 78 229
771 4 2 1 1 143 50 166 49
772 4 2 1 1 14 15 178 60
773 4 2 1 1 186 47 116 48
774 4 2 1 1 52 137 51 165
775 4 2 1 1 13 14 181 70
776 4 2 1 1 90 163 40 39
777 4 2 1 1 31 91 187 32
778 4 2 1 1 107 111 110 222
779 4 2 1 1 59 22 23 154
780 4 2 1 1 171 102 150 234
781 4 2 1 1 89 114 27 28
782 4 2 1 1 124 198 100 235
783 4 2 1 1 195 148 99 232
784 4 2 1 1 69 21 22 157
785 4 2 1 1 101 174 126 233
786 4 2 1 1 150 141 95 33
787 4 2 1 1 118 11 12 65
788 4 2 1 1 140 55 189 56
789 4 2 1 1 43 155 42 106
790 4 2 1 1 51 130 50 156
791 4 2 1 1 19 20 68 142
792 4 2 1 1 46 179 47 105
793 4 2 1 1 55 180 54 129
794 4 2 1 1 99 195 7 148
795 4 2 1 1 77 2 173 125
796 4 2 1 1 1 197 123 76
797 4 2 1 1 75 147 3 196
798 4 2 1 1 102 150 8 171
799 4 2 1 1 78 172 4 149
800 4 2 1 1 5 100 124 198
801 4 2 1 1 6 126 101 174
802 4 2 1 1 196 190 185 224
803 4 2 1 1 68 75 67 224
804 4 2 1 1 76 65 70 231
805 4 2 1 1 172 161 166 229
806 4 2 1 1 29 94 191 30
807 4 2 1 1 123 115 118 231
808 4 2 1 1 109 119 125 230
809 4 2 1 1 93 167 38 37
810 4 2 1 1 69 61 77 230
811 4 2 1 1 25 117 26 85
812 4 2 1 1 189 195 187 232
813 4 2 1 1 140 138 148 232
814 4 2 1 1 133 18 17 71
815 4 2 1 1 108 27 26 84
816 4 2 1 1 171 165 163 234
817 4 2 1 1 116 124 114 235
818 4 2 1 1 131 19 18 57
819 4 2 1 1 174 6 126 44
820 4 2 1 1 77 9 2 125
821 4 2 1 1 172 4 24 78
822 4 2 1 1 3 16 75 196
823 4 2 1 1 171 150 8 52
824 4 2 1 1 123 12 1 76
825 4 2 1 1 48 5 124 198
826 4 2 1 1 195 56 7 148
827 4 2 1 1 78 71 66 229
828 4 2 1 1 30 31 81 177
829 4 2 1 1 78 4 17 149
830 4 2 1 1 39 82 153 38
831 4 2 1 1 141 137 150 234
832 4 2 1 1 186 191 198 235
833 4 2 1 1 33 150 8 102
834 4 2 1 1 126 25 6 101
835 4 2 1 1 167 162 174 233
836 4 2 1 1 117 126 113 233
837 4 2 1 1 1 13 197 76
838 4 2 1 1 198 5 100 29
839 4 2 1 1 196 147 3 53
840 4 2 1 1 147 3 20 75
841 4 2 1 1 195 7 32 99
842 4 2 1 1 124 100 5 28
843 4 2 1 1 36 99 7 148
844 4 2 1 1 171 8 102 40
845 4 2 1 1 172 49 4 149
846 4 2 1 1 2 41 173 125
847 4 2 1 1 21 2 173 77
848 4 2 1 1 37 6 101 174
849 4 2 1 1 1 197 45 123
850 4 2 1 1 34 95 141 33
851 4 2 1 1 132 35 83 34
852 4 2 1 1 64 211 220 72
853 4 2 1 1 220 211 64 210
854 4 2 1 1 232 96 221 202
855 4 2 1 1 232 221 96 91
856 4 2 1 1 234 97 219 90
857 4 2 1 1 234 219 97 204
858 4 2 1 1 218 96 212 98
859 4 2 1 1 218 212 96 202
860 4 2 1 1 235 87 223 203
861 4 2 1 1 235 223 87 89
862 4 2 1 1 177 91 221 187
863 4 2 1 1 177 221 91 81
864 4 2 1 1 90 153 219 163
865 4 2 1 1 90 219 153 82
$EndElements
